57;9;4,5;24.5.2018
104;5;3,0;
58;9;4,5;9.5.2018
6;2;3,5;21.3.2018
16;1;4,5;
8;2;3,5;
6;3;4,5;
59;9;5,0;
5;4;4,0;16.4.2018
7;3;4,5;
67;8;5,0;24.2.2018
90;6;5,0;16.5.2018
7;4;2,0;24.4.2018
14;2;5,0;13.1.2018
16;2;3,0;16.4.2018
5;7;3,0;27.5.2018
9;4;4,0;28.2.2018
38;1;5,0;22.4.2018
42;1;3,0;1.1.2018
8;6;4,5;
81;7;4,5;26.1.2018
11;5;3,5;
14;4;3,5;14.3.2018
12;5;3,0;12.2.2018
63;1;4,0;
8;8;5,0;15.2.2018
72;8;4,5;26.5.2018
33;2;3,5;2.3.2018
22;3;4,5;
8;9;3,0;4.1.2018
18;4;4,0;23.3.2018
65;9;4,0;19.2.2018
74;1;4,5;
25;3;4,5;22.2.2018
38;2;3,0;25.2.2018
26;3;3,0;14.2.2018
16;5;5,0;
9;9;3,5;19.4.2018
17;5;4,5;27.3.2018
11;8;5,0;13.3.2018
60;10;3,0;
88;1;2,0;7.3.2018
86;7;5,0;11.3.2018
9;10;5,0;
13;7;2,0;
92;1;3,5;
95;1;3,5;17.2.2018
99;1;2,0;
102;6;3,0;5.5.2018
25;4;4,0;26.4.2018
26;4;4,5;22.3.2018
21;5;3,0;
105;1;5,0;7.4.2018
107;1;3,0;19.4.2018
27;4;3,5;3.1.2018
109;1;4,5;26.2.2018
69;9;3,5;1.2.2018
55;2;4,5;17.3.2018
112;1;2,0;6.5.2018
115;1;3,0;12.5.2018
23;5;4,5;1.5.2018
24;5;4,5;
91;7;4,5;18.1.2018
115;10;3,0;4.2.2018
80;8;5,0;
43;3;2,0;16.5.2018
92;7;3,0;
33;4;2,0;3.2.2018
81;8;3,0;1.1.2018
46;3;5,0;3.1.2018
65;10;5,0;
93;7;2,0;21.4.2018
35;4;4,5;
71;2;5,0;
74;2;4,0;17.2.2018
76;2;2,0;
17;9;5,0;23.2.2018
51;3;5,0;6.3.2018
74;9;4,5;
118;10;4,0;
67;10;2,0;2.5.2018
18;9;4,5;
75;9;3,5;
82;2;3,0;
84;2;4,5;2.1.2018
42;4;4,5;
28;6;4,5;
19;9;3,0;16.1.2018
35;5;4,5;16.3.2018
30;6;4,0;25.1.2018
20;9;2,0;27.3.2018
90;2;3,0;27.4.2018
77;9;5,0;
46;4;3,5;22.5.2018
23;8;3,0;
116;6;3,5;18.3.2018
27;7;4,5;1.2.2018
96;2;4,0;
118;6;5,0;1.2.2018
71;10;5,0;26.1.2018
40;5;3,5;
102;7;4,5;6.1.2018
51;4;4,0;2.5.2018
103;2;4,5;17.3.2018
72;10;3,0;2.2.2018
26;8;3,5;14.1.2018
104;2;5,0;14.4.2018
36;6;4,0;14.3.2018
109;2;4,0;12.5.2018
115;2;4,0;
39;6;3,5;23.3.2018
40;6;5,0;
48;5;3,0;17.5.2018
30;8;3,0;
84;9;5,0;6.3.2018
49;5;4,0;
82;3;3,5;
31;8;3,0;
25;10;4,5;17.3.2018
84;3;4,0;11.4.2018
64;4;2,0;9.3.2018
77;10;3,5;
65;4;4,0;
111;7;3,5;10.1.2018
89;3;3,5;
67;4;2,0;6.1.2018
45;6;3,5;2.5.2018
90;3;3,0;27.3.2018
30;9;3,0;
34;8;4,5;
68;4;2,0;11.4.2018
113;7;3,0;17.3.2018
99;8;3,0;4.2.2018
89;9;3,0;
42;7;3,5;25.1.2018
59;5;3,0;25.3.2018
99;3;3,5;
33;9;2,0;
43;7;5,0;13.3.2018
61;5;4,0;24.2.2018
45;7;4,5;23.1.2018
92;9;2,0;10.5.2018
104;8;2,0;16.5.2018
119;7;5,0;25.4.2018
46;7;2,0;
81;4;4,5;26.5.2018
65;5;5,0;
84;10;4,0;19.4.2018
37;9;4,5;10.1.2018
84;4;5,0;11.4.2018
48;7;4,5;
85;10;3,5;7.3.2018
43;8;4,0;9.4.2018
69;5;3,5;
86;10;3,0;6.4.2018
88;4;3,0;11.1.2018
87;10;4,0;
60;6;3,0;19.1.2018
72;5;4,0;
109;8;4,5;16.4.2018
36;10;3,5;
97;9;2,0;1.5.2018
73;5;5,0;6.3.2018
61;6;3,0;25.5.2018
46;8;4,0;3.3.2018
41;9;3,5;16.1.2018
53;7;2,0;
54;7;2,0;
89;10;2,0;
95;4;5,0;6.4.2018
55;7;3,5;28.3.2018
43;9;4,0;20.4.2018
49;8;5,0;
56;7;3,5;16.5.2018
66;6;4,5;28.1.2018
101;9;4,5;28.1.2018
57;7;2,0;
67;6;3,5;
81;5;3,5;
102;9;4,0;
116;8;5,0;24.3.2018
105;4;3,0;
84;5;4,0;17.4.2018
117;8;2,0;
43;10;3,0;2.3.2018
108;4;2,0;13.5.2018
54;8;5,0;
73;6;4,0;21.5.2018
88;5;5,0;12.4.2018
89;5;4,0;18.3.2018
45;10;3,5;20.2.2018
91;5;4,0;20.5.2018
57;8;4,5;22.3.2018
76;6;3,5;21.2.2018
46;10;5,0;15.4.2018
92;5;3,5;16.3.2018
77;6;2,0;27.3.2018
119;4;3,0;13.4.2018
96;5;3,5;17.3.2018
101;10;4,0;
