Najlepsze,Srednie,Najgorsze
50962.665835341104,18372.867816966675,-39109.41213819684
51130.514421466236,32230.26039424113,-10938.329748149292
56437.80739802697,50725.74066886458,27730.821258182623
59194.930634393044,53607.71305204378,32956.70144377978
62293.58204614494,57702.91564398484,39304.79488211694
63551.9778570105,58467.98129206566,37665.23628823733
64792.31462459466,61122.736344676334,43161.343913929624
66472.05995485514,62585.909835735816,47515.55748650296
67549.76118446678,65008.94323244308,42341.70834183891
69324.27704033251,64441.937974208326,37663.951047126044
69980.70541943071,65966.71419452706,42378.13691111799
71156.82084148974,69077.85618009025,48909.6085397386
72176.99749807906,68752.83097553029,46531.57766211187
73150.48047060583,71509.58812680421,47211.53980637836
74001.69370093061,72152.95579936507,47295.4584383795
75256.2005667572,72776.48285817789,51673.55049468773
75649.16316701665,74461.22946975454,49652.74682740658
76125.98214693248,74329.4109033999,50856.46463688184
76655.33928365582,75059.04790756608,50940.22975646424
77150.922400737,75455.58629442062,51738.25129859579
77204.00688784347,75655.04114860254,56493.45530937381
77760.48219728332,76580.33839515684,52558.35865935019
77859.08379303281,76346.78672509949,56255.775942538676
78015.38618480598,76994.84382502311,58794.7775235348
78319.97120850174,75631.02861006199,55527.99393826528
78319.97120850174,76885.9868931289,51779.0093091407
78977.71412995628,77776.49752274342,53188.31377613984
79108.35793772888,77766.59526880842,56613.67158477493
79491.74702686441,78500.85810624632,57252.90617554594
79543.83008249069,78336.55931465753,57345.9036337047
79630.45867259156,78970.58632359724,55281.634624123435
79777.4428169003,78570.61975124148,57498.26913457727
79976.08572595139,78979.92743384813,58070.01805967507
80172.26904610312,78993.65841275107,65878.20978257623
80172.26904610312,79280.66734237842,54450.00154961323
80361.96143904554,79599.7862269495,58840.559545509816
80832.63554534597,79403.05687190876,55706.394480603616
80913.12396893828,79319.17374762836,56318.40913473218
81080.68728765476,80160.63637746644,62450.501863776444
81080.68728765476,79864.59265583138,56465.5363438752
81322.08952351438,80503.52572247798,64842.323340222174
81420.55053071243,80215.60326496827,55672.63841925213
81620.73716023435,80837.24092311066,60135.14007697244
81721.28938183954,80517.24380467727,55977.63962494358
81848.3971679374,80646.10531222014,56293.48158805078
81848.3971679374,79730.11111328198,52930.359350290135
81911.64410221581,81229.26307722827,62199.46139530606
82009.00955741314,80929.94512156921,62199.46139530606
82166.43960885203,81064.38002321325,59461.28159348798
82277.18353534729,81272.70393140601,62519.038523448384
82515.3998017599,81427.30217184153,57825.495738670266
82515.3998017599,81598.57312623966,66404.69096071715
82718.77161045988,81878.94706867753,58722.16813234438
82754.84986238298,81917.87567661471,63329.921403937224
82812.38509280451,81873.54248696261,66545.13281951027
82899.1009600466,81508.39284758197,62071.067127297356
82993.59837109521,82149.25148250452,59115.70116195579
83073.02222823673,82233.58757130276,62086.59359318011
83076.4131904763,82283.00965469895,63810.60163224336
83235.58406408255,82268.70075234787,62071.3028181001
83235.58406408255,82175.4376454512,63779.13250877097
83277.77336371539,81595.60467675258,57562.24575413411
83277.77336371539,81488.15740386736,65943.21616203031
83278.0313262842,81647.81094684283,57606.31544168253
83278.0313262842,81565.37120232942,59341.85661745818
83278.0313262842,81623.93382256941,62189.358901825726
83308.12542967763,81653.35433978637,57607.196166910166
83308.12542967763,81523.06003337124,59675.24731588608
83333.8402443315,81730.99530005541,60775.93479871824
83333.8402443315,81559.08536975554,57654.89754262504
83401.67018572708,81727.95019187653,63688.13951171497
83401.67018572708,81709.2533241646,57682.141395353196
83401.67018572708,82120.27145405674,62429.576974654425
83401.67018572708,82068.3745629514,59499.6137315181
83439.31944858181,82082.9024701138,61321.03808472757
83439.31944858181,82065.28147685203,59499.6137315181
83439.31944858181,82084.98096723361,58262.33212087611
83439.31944858181,82162.69114966188,59538.40249719539
83439.31944858181,82187.29955479054,61359.45395784544
83439.31944858181,82105.54819418796,62804.53512683029
83439.31944858181,82110.88561308123,58262.33212087611
83439.31944858181,82121.09924261423,61359.45395784544
83439.31944858181,82074.83659380233,58262.33212087611
83455.57441121052,82095.41657995309,58262.33212087611
83455.57441121052,81878.85518611158,64152.99017892178
83455.57441121052,82139.46176426832,63045.556245062384
83455.57441121052,82164.68384168815,62820.06095145308
83455.57441121052,82145.79424577378,61371.53957483929
83455.57441121052,82114.1067740163,58271.6775574869
83553.68543662317,82167.1954170799,64251.5646045294
83553.68543662317,82185.37848664536,64254.11752706066
83553.68543662317,82293.81081536361,58388.54448336181
83553.68543662317,82227.54559345421,64285.38292941947
83553.68543662317,82267.90045386479,63162.42317093728
83553.68543662317,82295.45609949753,58388.54448336181
83553.68543662317,82249.59828032977,58388.54448336181
83553.68543662317,82318.90744245144,62936.92787732799
83553.68543662317,82298.58533526356,62590.267068696674
83553.68543662317,82273.76139228266,59664.61485968109
83553.68543662317,82284.1522015764,62936.92787732799
83553.68543662317,82266.60251227103,59664.61485968109
83553.68543662317,82281.27354725932,63162.42317093728
83553.68543662317,82231.12162977313,61481.728178769816
83553.68543662317,82250.81057639098,61481.728178769816
83553.68543662317,82293.51472802366,68315.45803194317
83553.68543662317,82222.76760794445,68066.57825892631
83553.68543662317,82281.08864433978,59664.61485968109
83553.68543662317,82215.15697876523,62936.92787732799
83553.68543662317,82257.31437638616,64285.38292941947
83553.68543662317,82255.42126106746,67296.9357873181
83553.68543662317,82243.39452570344,68315.45803194317
83553.68543662317,82320.87742860905,61481.728178769816
83553.68543662317,82239.5006543911,58388.54448336181
83553.68543662317,82171.56647980871,58388.54448336181
83553.68543662317,82261.68993902352,58388.54448336181
83553.68543662317,82226.81532497192,58388.54448336181
83553.68543662317,82252.09071118261,62936.92787732799
83553.68543662317,82332.04369715488,62936.92787732799
83553.68543662317,82276.35721149687,66717.20425755746
83553.68543662317,82284.61483758145,58388.54448336181
83553.68543662317,82222.5138407707,62590.267068696674
83553.68543662317,82315.44799757666,61481.728178769816
83553.68543662317,82327.9620720782,69255.99328688672
83553.68543662317,82225.76160661955,61481.728178769816
83553.68543662317,82279.66869155235,63162.42317093728
83553.68543662317,82300.78120171999,62590.267068696674
83553.68543662317,82271.0704160885,58388.54448336181
83553.68543662317,82275.49493107585,58388.54448336181
83553.68543662317,82237.44458564166,58388.54448336181
83553.68543662317,82258.99533687055,61481.728178769816
83553.68543662317,82272.28243616284,62590.267068696674
83553.68543662317,82271.27151807956,59664.61485968109
83553.68543662317,82298.64718829613,62590.267068696674
83553.68543662317,82249.43592451903,63162.42317093728
83553.68543662317,82256.8906389526,58388.54448336181
83553.68543662317,82259.47406237264,58388.54448336181
83553.68543662317,82247.1872931621,61481.728178769816
83553.68543662317,82247.61427313183,63162.42317093728
83553.68543662317,82239.33406397501,62936.92787732799
83553.68543662317,82212.13904862435,61481.728178769816
83553.68543662317,82220.30613196129,58388.54448336181
83553.68543662317,82237.08564331058,63162.42317093728
83553.68543662317,82225.08928349844,58388.54448336181
83553.68543662317,82267.07212954714,58388.54448336181
83553.68543662317,82231.67644138749,61481.728178769816
83553.68543662317,82255.66753777485,61481.728178769816
83553.68543662317,82207.23118583854,61481.728178769816
83553.68543662317,82265.5134096304,58388.54448336181
83553.68543662317,82232.79438284009,64285.38292941947
83553.68543662317,82237.22281790676,61481.728178769816
83553.68543662317,82250.02841598219,58388.54448336181
83553.68543662317,82284.25905375979,63162.42317093728
83553.68543662317,82263.73559780943,58388.54448336181
83553.68543662317,82292.78865759334,58388.54448336181
83553.68543662317,82192.7969680372,61481.728178769816
83553.68543662317,82227.52540214312,58388.54448336181
83553.68543662317,82309.40700327759,58388.54448336181
83553.68543662317,82190.91946026856,62936.92787732799
83553.68543662317,82223.30959820704,64370.72830284538
83553.68543662317,82275.66790786237,59664.61485968109
83553.68543662317,82232.63995668203,58388.54448336181
83553.68543662317,82258.08160996626,58388.54448336181
83553.68543662317,82238.18973114897,62936.92787732799
83553.68543662317,82206.57328662886,58388.54448336181
83553.68543662317,82204.54849610521,58388.54448336181
83553.68543662317,82252.66975584174,64285.38292941947
83553.68543662317,82211.61111574918,61481.728178769816
83553.68543662317,82267.15680339947,58388.54448336181
83553.68543662317,82285.25831457858,61481.728178769816
83553.68543662317,82237.96572871499,61481.728178769816
83553.68543662317,82195.57261226996,59664.61485968109
83553.68543662317,82251.62339278091,67449.25909947642
83553.68543662317,82280.16802284894,62936.92787732799
83553.68543662317,82259.89984872096,63162.42317093728
83553.68543662317,82250.9370692035,58388.54448336181
83553.68543662317,82235.96523709991,61481.728178769816
83553.68543662317,82264.51825573025,62936.92787732799
83553.68543662317,82237.87272279352,61481.728178769816
83553.68543662317,82211.66635706324,62936.92787732799
83553.68543662317,82288.7691156317,62936.92787732799
83553.68543662317,82277.04335275955,58388.54448336181
83553.68543662317,82265.78691899429,58388.54448336181
83553.68543662317,82213.01020600887,62590.267068696674
83553.68543662317,82252.87546059254,58388.54448336181
83553.68543662317,82224.7804036983,64370.72830284538
83553.68543662317,82272.97168212316,63162.42317093728
83553.68543662317,82245.47496248767,62590.267068696674
83553.68543662317,82279.09205426487,62936.92787732799
83553.68543662317,82295.69112044349,64370.72830284538
83553.68543662317,82269.16211301598,61481.728178769816
83553.68543662317,82196.73825150609,58388.54448336181
83553.68543662317,82248.11919359361,62936.92787732799
83553.68543662317,82235.63602658782,67915.17982814938
83553.68543662317,82240.74326933146,67449.25909947642
83553.68543662317,82306.71418948038,62936.92787732799
83553.68543662317,82260.93699909216,58388.54448336181
83553.68543662317,82236.95811550114,59664.61485968109
83553.68543662317,82247.2252876779,58388.54448336181
83553.68543662317,82158.77147612323,58388.54448336181
83553.68543662317,82211.0745716542,61481.728178769816
