Najlepsze,Srednie,Najgorsze
-4075014.6473656297,-4726450.365027667,-5389865.906289054
-3916970.6648937915,-4599428.809688418,-5342213.657659314
-3946335.420754615,-4525505.840032422,-5262128.128907649
-3780119.0661606267,-4477449.165757605,-5199811.872021664
-3780119.0661606267,-4431004.353143621,-5174084.070702092
-3780119.0661606267,-4378798.565405215,-5178472.739207431
-3780119.0661606267,-4325408.9433596665,-5011246.765754514
-3780119.0661606267,-4270613.058641391,-4958906.81750331
-3780119.0661606267,-4200848.491878852,-4987361.62358881
-3766313.9333951776,-4086175.495322384,-4769696.693926249
-3730247.2665877156,-4054931.60309339,-4802100.570738285
-3730247.2665877156,-3969388.464183572,-4802100.570738285
-3705102.5149082723,-3851720.1523097283,-4612607.678626036
-3694450.717347836,-3745661.3381253327,-4417246.86384034
-3674952.104164556,-3726728.671884801,-3806670.2585695577
-3634728.604556538,-3712173.8539700494,-3803120.1406552983
-3634728.604556538,-3690758.1779981675,-3774528.7587302173
-3626738.1419508653,-3667944.60674517,-3748482.382248463
-3592845.399435593,-3651922.0651892675,-3732915.1603410305
-3581692.488709652,-3635940.5754230935,-3746396.931949134
-3562926.853155195,-3619337.404776191,-3706318.8989741136
-3559783.1576786665,-3593799.0685263374,-3701886.911501302
-3547455.3740508966,-3581128.006029473,-3694298.9945185105
-3536137.13539916,-3573007.066880272,-3725111.9828843945
-3524299.5416528103,-3562156.5347518334,-3639353.5879948363
-3498630.6843914483,-3546320.915846305,-3624442.9665680258
-3483553.9380443282,-3534890.7900663116,-3653689.4364428595
-3468578.380906462,-3526854.4283276335,-3599554.1306786207
-3461202.3333964623,-3508061.6500306693,-3670826.5243485756
-3443282.8050453193,-3491371.60864711,-3559182.3802421605
-3408481.892095479,-3476915.5475325547,-3595587.9375326713
-3406077.3168194457,-3461767.974680249,-3542435.3511390053
-3400929.1098664175,-3447030.6732708886,-3525610.4281395087
-3373581.840364175,-3432852.156153962,-3596769.1129818037
-3373581.840364175,-3415794.366595836,-3508090.672677144
-3325389.8421710203,-3400508.225862567,-3498336.763982119
-3325389.8421710203,-3393441.400742416,-3473763.128615885
-3325389.8421710203,-3379288.449045335,-3461494.4587874124
-3325092.0001260783,-3364650.3960954435,-3484605.6912700254
-3321572.162008234,-3352257.1910628537,-3448504.5870192326
-3302242.871744286,-3339645.0050317775,-3456718.0493547074
-3292145.161953211,-3328558.214407569,-3428192.6678646063
-3277540.7855878444,-3314073.2857525996,-3421161.367398736
-3237749.6513922205,-3301267.3026627763,-3389863.476456686
-3237749.6513922205,-3287537.568014335,-3385865.3335991055
-3219160.148427564,-3281818.646677084,-3390764.931101262
-3217517.4297955134,-3276875.385394454,-3369095.6449847613
-3202752.87448334,-3253205.341978775,-3363542.7622805303
-3200485.5282136393,-3234665.88965465,-3304464.3921167147
-3196940.0340126706,-3225616.1505995253,-3377967.6210410884
-3174766.1305475836,-3215722.110159495,-3330005.993463356
-3173836.3419834916,-3207596.801045573,-3341725.5037392275
-3152476.652958167,-3200100.389521798,-3285807.343987232
-3150718.960330969,-3186298.526540304,-3268147.037768638
-3142537.844453349,-3166335.734017716,-3267106.8642174713
-3135521.9763056417,-3155599.937757738,-3279647.496550224
-3127776.780817178,-3149652.960823019,-3282173.7626927374
-3111663.6314181155,-3142794.8932418157,-3254000.7887219163
-3103307.9900779366,-3137400.5727419537,-3252898.308782294
-3084585.350429348,-3128855.8197231116,-3199815.1035800097
-3067088.559451392,-3120300.7644989993,-3269334.0277636456
-3061145.092490817,-3105982.2194008706,-3212836.8108523046
-3057927.6431282363,-3092844.0334793907,-3193643.664568254
-3033116.9347774736,-3076866.5241072252,-3171818.667034132
-3020697.6690014037,-3060901.5029578493,-3136015.1209673113
-3020697.6690014037,-3056585.85877131,-3137270.6732255197
-3019877.836525191,-3048630.930045176,-3148214.557977134
-3006726.1807356477,-3037386.2764184633,-3174921.7028359883
-2997138.00688989,-3023588.763500269,-3082780.4373911684
-2983252.382889268,-3014573.2992652655,-3149790.557769656
-2980696.943716444,-3006264.537914863,-3080997.3727612724
-2970755.880464591,-2999373.8343208497,-3078374.0567279784
-2963131.781653316,-2991031.6562385703,-3071235.466405515
-2945947.68427675,-2980466.521361705,-3093462.85690045
-2927134.3610608433,-2977695.7116855406,-3067174.0383238625
-2915243.074240359,-2968377.8041812587,-3120659.9094951386
-2911848.6983798635,-2950078.6658538072,-3055139.564984152
-2898577.8937702277,-2938535.802871931,-3021766.913607272
-2884943.4265359524,-2928653.6069375942,-3004514.4071091716
-2884943.4265359524,-2917941.165848801,-3034519.788709405
-2876669.6561677167,-2906144.9881315706,-3027967.551472268
-2872459.1948671127,-2896765.160137748,-2988803.5309572374
-2857688.2897891453,-2883364.3826186624,-2986926.7493260456
-2853537.265126467,-2877659.233535855,-3002979.1216695677
-2844496.0588262063,-2875620.795242177,-3021534.9893750623
-2833252.7348575047,-2864500.3351199785,-3006615.809508656
-2824865.5348656573,-2850988.747651335,-2951715.338128224
-2811168.06258294,-2844577.172083163,-2994459.931058221
-2802624.742855933,-2835768.1253859773,-2915316.424062886
-2799166.356131213,-2831985.9377659853,-2927500.496487906
-2793837.8200789294,-2816851.326619192,-2908808.921208935
-2787551.4085545302,-2807940.2914903793,-2917019.5320998016
-2779554.586804497,-2802340.6260659685,-2924724.912410944
-2774611.362496519,-2795923.2783889715,-2901086.4064565287
-2769295.8696283763,-2787868.818132055,-2882793.1848422093
-2760860.76625827,-2779810.8244907116,-2861184.6709589045
-2758263.7642236273,-2775030.250277735,-2889056.214453447
-2753018.7476655557,-2772929.6480083205,-2875402.3640625016
-2740617.8609094056,-2766165.9316813266,-2868196.2359928046
-2738205.512961669,-2759315.333726523,-2863058.9394132644
-2732999.1937599415,-2749789.2431562506,-2846540.156329406
-2727225.104829581,-2745075.708578801,-2878021.597993833
-2723880.9161368753,-2744940.9668407766,-2822262.2317877198
-2718509.227703293,-2738639.829944329,-2870282.871090165
-2709714.708361374,-2728615.611238165,-2856030.5489751548
-2704868.633544293,-2722575.52664077,-2826256.958434102
-2698469.3761703526,-2716940.648734731,-2814668.7636391805
-2697146.4190093167,-2713118.6447089417,-2821568.277479667
-2691884.3159938995,-2706711.770357662,-2801009.1679055984
-2688044.2487608828,-2704139.572434488,-2887834.9850545162
-2685368.9524744456,-2698736.5835461584,-2839422.1914066896
-2677030.527432053,-2695477.8901887736,-2778112.9328380646
-2669832.281166699,-2689906.387473538,-2813824.949158823
-2662707.333829252,-2684013.809826079,-2776053.720117974
-2650204.4760607975,-2676972.512739517,-2756029.4052171544
-2641962.744748891,-2667758.3544082204,-2826054.309218677
-2640206.036243835,-2659408.4836099083,-2815254.554583565
-2622117.9931968963,-2654423.3579988084,-2841705.7833173657
-2611695.8660094817,-2647809.977625358,-2755160.401830991
-2611200.0529853026,-2639698.684954249,-2753235.4439018373
-2603761.850849403,-2635932.44906843,-2722879.6850520372
-2600468.51752769,-2619642.376233489,-2752069.815323846
-2590381.117431097,-2609916.5683413483,-2672680.5765699567
-2586578.5852331123,-2606450.7912465236,-2703210.323069018
-2581708.6986554977,-2603621.5420797835,-2713679.959476423
-2576185.0839079646,-2599286.580890664,-2753018.365148969
-2572668.121969177,-2590614.0905416566,-2675708.9712847774
-2569950.931699536,-2581675.483044575,-2674101.4032473965
-2563710.5256378255,-2577447.6295582387,-2667478.7386260396
-2559673.8204018646,-2576330.1066701105,-2681021.127925301
-2554674.8804012025,-2574547.918690307,-2670078.752907334
-2546499.560032192,-2570668.4715624116,-2726420.2228772175
-2539633.2975733406,-2568988.312027136,-2681723.8823004276
-2539633.2975733406,-2563219.1689604623,-2693486.207225884
-2535335.637941684,-2551133.41809328,-2672520.8976110676
-2530690.143718556,-2540821.856949691,-2683536.2918191864
-2526752.767924461,-2539801.3302817866,-2632415.720624776
-2525832.733967122,-2537417.9519181536,-2647852.2193021346
-2517961.243410873,-2535575.093054998,-2659112.4451697944
-2514275.3496675137,-2530314.8944812696,-2693258.4059937433
-2507345.6142731155,-2523385.1144096344,-2622398.11479427
-2502456.8251961432,-2518400.0608847914,-2634369.182651837
-2489844.6937237894,-2516093.9324958804,-2611774.2347672256
-2489844.6937237894,-2508430.5186332203,-2589177.6845041146
-2485238.5354693774,-2503751.873489748,-2616180.9728261554
-2482590.225408594,-2498453.1395419384,-2589482.0156499124
-2476574.5384802055,-2493548.4369365647,-2588215.5804246464
-2472837.5702720084,-2488028.7690026164,-2607924.6457688515
-2467444.0776699116,-2481236.6429742817,-2572362.847415109
-2462795.236277916,-2474785.7815208044,-2582194.4597627497
-2455093.8386724633,-2473636.9807453966,-2612226.2262279848
-2452628.8342909836,-2471207.330678723,-2548376.7171374927
-2451924.844527322,-2465096.803621839,-2603751.9021006785
-2444419.8810982057,-2459843.481456767,-2574517.2580525274
-2440688.493119986,-2453886.681768898,-2591271.454009228
-2436520.9405786605,-2451409.2001397405,-2557467.6368373595
-2424909.8068200755,-2446803.4563383553,-2557597.4350681663
-2422013.8545677536,-2442541.105385927,-2520531.7375611034
-2422013.8545677536,-2436421.3242853787,-2548934.4467292908
-2420837.8204855965,-2433740.4978674916,-2564316.350671778
-2412043.1147333025,-2430386.757533585,-2536115.782409494
-2412043.1147333025,-2422330.6311266343,-2558083.411186699
-2395059.3884000103,-2420177.241150837,-2509107.775002989
-2395059.3884000103,-2415408.0330065046,-2530330.4649416916
-2392549.620986221,-2408849.5202405206,-2518686.176020975
-2390649.1231159633,-2404653.8362264414,-2497034.693061942
-2384559.544790158,-2401802.068189755,-2522974.188401712
-2378204.941356266,-2397089.168781483,-2476624.0194457737
-2377774.190729238,-2388536.073066297,-2498809.2377765207
-2364120.8650952876,-2383905.081623231,-2490758.534728761
-2356932.9162738025,-2380154.693502681,-2465716.0155048473
-2353890.5929743997,-2375007.298033363,-2465344.468215861
-2350172.8265377404,-2368528.652605766,-2482433.2013567067
-2347095.397409006,-2361832.490800367,-2448742.344453724
-2343312.6720911465,-2353727.264433056,-2454882.3956982205
-2340946.597254479,-2352901.7566928496,-2452633.5182738537
-2335842.8631169386,-2350367.7982912385,-2467082.284903321
-2332795.115494499,-2347389.5803571153,-2439224.456503323
-2326858.374845397,-2342126.353611994,-2428005.2788512073
-2323821.3003220703,-2336811.3754715254,-2464656.282465183
-2307557.6230556355,-2334441.4625759376,-2426699.0988896694
-2303693.091736287,-2330888.8765492197,-2424045.4596164236
-2303126.8819872187,-2324776.8108183574,-2418376.114080312
-2295427.102681834,-2318953.463456223,-2402399.94792738
-2291763.9626558935,-2307495.0916559496,-2432541.9916096865
-2283487.1468163007,-2302830.1063591307,-2401990.973545206
-2282507.1030015163,-2299215.7832598863,-2463255.5134433974
-2276391.123300089,-2294372.099570312,-2388819.7057357742
-2272092.7368234466,-2285206.3320497717,-2386629.9587187455
-2265787.2647318877,-2281703.767081405,-2389742.721517962
-2263814.9223407833,-2276591.6117216614,-2383513.7031707997
-2257392.5964225377,-2272275.934543176,-2396946.744482479
-2257392.5964225377,-2268360.346301091,-2390880.466408066
-2254178.3017720385,-2263619.482098691,-2363696.4038266083
-2247020.3371007936,-2258920.4195917,-2378338.958068528
-2237913.964806671,-2257016.9968181243,-2370049.3303013635
-2237913.964806671,-2254160.9704129696,-2317371.3003457906
-2235119.078484817,-2249301.7074783766,-2406097.680794373
-2229774.055923242,-2245110.100136228,-2335112.563492949
-2215287.8225286505,-2242667.193123831,-2335772.582906215
