Najlepsze,Srednie,Najgorsze
50564.78780364811,18339.326525663437,-27478.473817300823
50564.78780364811,21323.92898039546,-29211.84316147388
49922.48702063282,22684.786467990525,-31823.115064661368
51010.358720529635,23631.827289905625,-33791.52261926286
53462.79353248852,24841.53853537266,-25911.787069191254
51698.666388167556,26072.924093886977,-21130.35411282521
51516.481707989646,26543.53733591891,-27985.685138578105
54757.27076116764,27343.631436475014,-17203.60267753867
56301.03295909089,28510.61329950577,-16246.349924049078
55467.62004570661,29092.259513266636,-24215.862226839134
55467.62004570661,29632.66005597541,-18397.6695638362
55708.35658947183,30557.777936408293,-17006.963098729175
54990.93861006971,30990.707050129837,-21228.54783591487
58692.174819943546,31499.599142246945,-10277.25251469767
55327.72196100792,32185.1247448775,-15669.168805117966
55327.72196100792,32888.57804381938,-11182.066372128407
55373.75824116657,33397.44925290157,-13445.201386232307
55967.452098034126,33713.50528175043,-20973.686894016195
57761.362027777075,34489.158649952864,-9373.288949788344
57761.362027777075,34831.57656757733,-2410.2632559979975
57761.362027777075,35165.27142590464,-887.5300923724426
57264.092117140906,35675.11872232466,-5382.12652878798
56795.10907825158,35990.37579804261,480.5472789807245
57278.79109476741,36277.07658677326,-691.2298728107125
57173.92266932405,36440.53349411097,-5475.324982643549
56223.957525022524,36793.444892607054,-479.4059136526921
57001.12408768037,37055.745267574326,-6044.470896346786
59583.40423766106,37606.28068975161,-3770.597555284825
59583.40423766106,37630.10534663227,1168.5462021237618
56596.30801569222,37902.50603350412,-612.6125902692147
61367.671607215525,38063.67135575232,5779.436269942715
58759.6054611564,38507.165559455,-2423.7085123213474
61589.69511805565,38657.74367273858,-8507.915765643236
61589.69511805565,38740.68647252205,5000.637801043835
61589.69511805565,39006.10350586916,10518.733973764887
59316.78535010283,39130.22544763986,-1760.268914301254
60879.62364496372,39161.48204216062,2241.8028649896296
60879.62364496372,39267.68300531777,-5605.22367409493
59103.856472758955,39451.777354612335,5172.729772559222
58349.69042504101,39346.142463250115,-2585.255809285736
58805.514937914275,39589.23628185622,7107.53234840295
58541.893363020645,39768.071569514046,719.9184078421677
58714.097397861624,39803.60424013167,10563.47364504794
61275.30411405165,39747.122104339556,6675.922902077786
59226.24778742631,39666.20323049604,4329.717688594363
59509.11944085972,39900.77686413254,9700.620593106709
59482.26852428269,39788.441680281125,4493.688991064177
60238.95644959015,39818.37896057684,7126.191537245075
60718.17030195656,40046.01829325612,2075.5391293862776
60532.06619209731,40236.799713108005,10950.271373238502
58885.228521873716,40283.816598406425,8979.47314282073
60625.078077665115,40307.253934847366,2958.573746625596
60412.60007249899,40563.932010142176,925.3099196140975
60632.908039463386,40758.00331896596,925.3099196140975
59955.30907667103,40842.40454561049,8672.649272682916
60201.506277167464,40827.682606524766,9030.396512861218
59915.295430651735,40999.39321306168,12855.260032776394
60080.91120263263,41032.91898750634,12005.501910657214
60857.75384465205,41157.4926108662,12455.479396696508
63494.82135924083,41281.9483466898,1593.7923619065114
63494.82135924083,41185.80503819471,9759.661038032587
63494.82135924083,41361.05025418553,5722.0913280200475
58901.80322119013,41479.22848320131,13491.921841556366
59467.705617536834,41506.293420935544,11085.027683994937
59273.077093888,41409.92818733856,2065.5029300024617
62256.575311471744,41663.08151462673,9381.819068641023
62256.575311471744,41720.42380480835,17099.501574592636
62256.575311471744,41804.29073296756,9956.738226844667
62256.575311471744,41714.63118168132,6991.406852063374
61146.43160990704,41421.45197322584,2097.9940138352977
61146.43160990704,41518.30862276163,11248.008146914028
60043.09751827633,41557.10831030906,13266.005226445239
60442.6233870632,41647.2801272107,6518.732761817999
60442.6233870632,41820.97533456851,12003.359226841494
60657.28144269499,41704.4273631722,10528.335960366152
60499.59296732447,41597.22925170642,3243.0311174345406
59359.377975303505,41490.00657562852,13526.548114920763
61106.209930581084,41656.943574096396,7780.892740069656
61205.05446121215,41882.8985081712,13449.592561192942
61394.76058797233,41946.55885631467,12018.637430549643
61326.12509011252,41968.01250662895,7572.114148369117
61605.39013953873,42052.36200027001,5505.211344655734
61605.39013953873,42267.1884118805,8590.593141541205
61775.3086353307,42290.11513066746,8590.593141541205
62219.03163530772,42246.60726917876,11382.061540523559
62554.04328427283,42232.64084481132,11298.226067443233
60779.4855259123,42388.27981163421,9271.062745775911
60505.86986796922,42657.51522133327,2928.4256706140004
60546.50581313524,42610.22341855292,13631.927916525136
60876.24355555546,42726.72502085483,15385.323562822276
60727.81387638413,42554.15054560783,9891.267447401726
64094.18003113385,42610.79271576569,10731.292410346941
61550.187247858325,42396.651388771985,6701.085258002073
62888.45561318756,42549.44833103565,15482.404888426914
62888.45561318756,42493.07449393916,7582.400481631295
64186.90393279896,42543.87223957411,12707.355409076612
61744.88380776908,42568.07721301206,11984.606603794513
61744.88380776908,42740.63891301558,7747.749178005557
62289.48635241456,42809.42105809257,13868.800172316114
61082.25207512134,42736.29786575304,6602.723911459296
60240.47834497869,42891.252477714,14423.256741179604
63466.31279112802,42827.81643405868,10425.084861089344
63466.31279112802,42687.82305829045,10083.009412168321
63466.31279112802,42795.18901703616,10083.009412168321
63466.31279112802,43067.52469005573,8017.666725028597
63466.31279112802,43273.65403142083,14113.881999930643
60398.59589389802,43088.549333402756,14663.676665159597
60913.91805531636,43236.22630726223,14085.479173002808
61241.53929246343,43147.254723286176,12912.734161583227
63132.379751913606,43014.22282198495,11461.804008113031
62183.14152143788,43016.82004071022,12502.260915703358
61875.28334239556,42890.50573883849,6457.249945608419
62082.07390638764,42949.11842414638,13290.493858054164
62985.69218182151,43219.42255781564,5670.1507480794535
62985.69218182151,43247.33815249125,6842.562528032344
62513.71511222288,43232.912956161854,13204.95846908998
63256.01336581378,43172.22929589389,11055.755284955783
63689.22123988974,43325.29962559946,4609.590965239884
60833.1931984203,43208.72280829869,7787.658849549203
60465.149722322705,43271.866616361745,4984.687762380301
61125.76992637077,43360.62071117634,14948.7824383587
61329.044418983685,43335.06626866714,11650.554408103955
61312.16119121397,43455.48829385409,8334.366624610528
62497.65851417997,43537.4587009608,11348.842601095443
62497.65851417997,43576.65385425145,6883.228363726856
62497.65851417997,43636.539293927424,14053.37568808216
61273.808406629774,43602.89273669942,7591.649385071782
63521.86671799429,43702.33580623329,7833.29235716215
63521.86671799429,43807.54541956888,2163.52408089675
63521.86671799429,43952.39326578785,12180.822109965753
61969.07102153058,44007.7749531177,13808.430267255957
61969.07102153058,43880.324334951074,14280.7232470905
61200.570255805826,44000.75496821436,216.86693104798906
61200.570255805826,44103.15700222471,13354.598369097308
61345.95297292722,44074.350913131464,10655.019870770979
62106.15017870882,44152.18190715299,13845.494191354373
60626.34448474149,43999.466012786484,9873.363920504693
60425.19099966115,44009.35478705628,15320.323340901858
61411.95034240202,44123.657681928256,8858.564395521098
61450.74098654424,44121.305926513465,12882.375067202156
61021.121245764094,44078.710629414396,7883.035988599178
62091.381787218525,44159.46933115403,7742.702388765087
62091.381787218525,44136.39406370928,8223.779239110285
61871.73257103849,44272.774151123165,14123.39709076201
61871.73257103849,44227.72812635289,6919.203319800537
61366.91951525509,44315.75115947169,11583.507669197279
61420.26329488898,44412.93510123978,11032.40186973568
61831.07229463221,44375.32635633032,-42.9094178332889
62403.32602539579,44549.37411457386,7641.738464429771
61435.85307791664,44515.76479804181,14844.45820083667
62938.25029345417,44450.60782606288,12872.314029910092
62031.26119764815,44203.18983493596,10973.575539571975
61112.978421346386,44263.80848534283,7017.055890553631
63952.72295969567,44481.729545838694,12705.781132239616
63181.225185096635,44294.55151740939,7589.64295792795
62377.582522186865,44427.86825531679,11129.153211759549
61956.054624278884,44373.821072731,13629.382293895513
63100.696910386585,44438.16641578538,10361.253061631374
61766.938109057715,44434.919317865235,3676.832948261668
62994.31565181415,44776.41615702573,4839.902318093795
62994.31565181415,44585.59722517156,14049.48995882718
61886.62011565349,44614.24479135774,13758.880163603011
62671.112767815524,44635.291976280234,4468.33992741468
61133.82892921405,44561.790096646175,-2148.7008728619403
62238.10184462263,44705.97560122995,9241.675557735318
62064.2986640302,44673.80719882635,10098.493856128742
62786.817043689414,44656.56787071767,6267.969402855917
62720.82991483155,44373.14330581171,6230.658876265123
64192.70904608001,44417.37273807301,11301.337420054493
62088.4726212418,44462.789092002065,10110.116047302145
65156.318990020256,44587.41341881001,10606.993005538461
63083.21131507464,44512.72045979852,2230.5893974498613
64473.68705891497,44604.244610292655,3389.982126465271
64473.68705891497,44510.119850891766,8630.862680876511
63625.85018136762,44565.105289507046,9076.901472970087
62783.48699170353,44535.99827013823,9480.209343148308
62783.48699170353,44487.56595009742,8001.879365372792
63325.65177697434,44861.493283918215,-4210.471154728162
64625.6700318044,44842.55677436334,3072.6890046987974
61907.35659474249,44742.56402255501,12912.090989945355
64395.14890825654,44681.4967059424,9971.471793167715
65212.495753723866,44738.380312880305,6276.03927130955
65212.495753723866,44580.77441616079,12442.69418750795
64478.341685743304,44832.27986460133,-5952.477714152919
64972.397698796005,44966.06872837766,-79.9310043653968
64478.341685743304,44851.07086854043,7728.156310378457
64283.16693026227,44943.3419674373,12211.307686480795
63216.387434184275,44903.58914617207,13254.686916445164
62701.37030265025,45065.71532579396,10219.61054996225
65426.66851412855,45066.86261143001,2494.9632366408478
61880.78108435303,45176.489185620965,14235.890328991372
63166.537667676195,45048.446735876816,9720.562839131293
65344.21600919586,45231.911509930585,12881.209570069492
63365.35676441074,45395.469671881874,2444.498279565669
63365.35676441074,45468.65533602717,11950.612237544483
63365.35676441074,45473.95901439704,15625.122787692293
63365.35676441074,45487.12465256312,12237.233019535837
64198.551171914005,45514.62124379848,4819.0254977818695
63548.976062795395,45591.70747197424,6268.225131858126
63095.21678795348,45589.82519903585,13885.801962864352
