Najlepsze,Srednie,Najgorsze
-4127063.0711802403,-4719689.993359931,-5497480.992927614
-4069570.5189549923,-4483511.183376982,-5079910.258985292
-4024486.193718842,-4273265.400399687,-4955271.524501426
-3806015.1765078385,-4254409.97789234,-4941800.9802228995
-3767970.6913453704,-4180681.4279877935,-4939806.660627933
-3737809.221025828,-3809332.678234112,-3998202.3157656346
-3674147.7336670114,-3762048.734299926,-3895064.0088997325
-3626185.191643625,-3725349.166328881,-3886257.4736535777
-3573828.8218180556,-3667938.260161475,-3820229.282991635
-3525897.7899435377,-3591488.760699524,-3733159.354286652
-3500981.255825858,-3565786.8559934366,-3777689.5182299796
-3464657.5477371085,-3525440.167179102,-3687916.6332042688
-3379893.6444139527,-3493764.661105956,-3680660.400471164
-3320263.435599191,-3408277.9243989857,-3580907.350751014
-3278983.7995749246,-3335050.203361187,-3546803.5412826603
-3257045.453253976,-3293665.1924537974,-3479535.282802349
-3231953.827221961,-3278322.7804154344,-3451213.9013687256
-3213824.100995184,-3265671.1667358354,-3442932.625654675
-3189356.9562863307,-3243229.2836354636,-3408619.3817702844
-3163333.114603906,-3213091.714295184,-3430886.0700410716
-3153546.8877725042,-3183912.3259633034,-3344173.3666175418
-3121940.506735751,-3176044.139466293,-3419623.9278508592
-3085527.4698060835,-3151172.9801995964,-3315681.1220637355
-3069992.713583074,-3123203.9270441546,-3263444.6712660086
-3051416.4571681465,-3105623.5921591604,-3245548.3740987214
-3012358.490374578,-3062112.8808296644,-3222678.383550919
-3002042.547184984,-3051510.5208470356,-3258890.344522423
-2961563.9894261244,-3034212.46102185,-3226041.0173166716
-2950825.445974601,-3013261.3563434524,-3186363.0905129923
-2934070.776065208,-2963820.9068480283,-3077232.6060273596
-2903756.2600617185,-2960731.0278433845,-3171773.78906254
-2886799.0982039985,-2938646.1139737624,-3089422.1639990867
-2880972.175760519,-2913147.3031456107,-3122472.267641791
-2856105.4647562695,-2896836.4868930774,-3065240.2340900586
-2829255.6819324098,-2873423.1082112,-3071791.211089982
-2811612.7337355195,-2845142.729566895,-3035724.002226272
-2777865.0703360867,-2841034.7289048056,-3043196.8194417623
-2767297.3792587724,-2801902.0472224136,-2985652.5161948632
-2737155.3151053665,-2806160.0032494776,-2980787.772447384
-2710744.89086024,-2763626.964605453,-2940815.6540183118
-2708229.4923660466,-2763605.613968001,-2958688.7495733593
-2686277.0823058877,-2719369.5116994684,-2897974.58363202
-2656946.4041791335,-2706090.5243215957,-2891254.9947972065
-2647473.1203683866,-2671909.68287787,-2801506.043196151
-2630763.4374384857,-2668087.7137479507,-2835706.9959487855
-2616665.3369261967,-2645923.2807448846,-2848089.5209512543
-2590429.9432970695,-2643843.8007067298,-2848213.7999765924
-2573969.901733497,-2612636.1266877227,-2779910.749276952
-2562913.8673626473,-2630942.6792694675,-2808482.878521007
-2551642.1154439994,-2618000.271619079,-2830261.6309807147
-2540276.75476128,-2642244.865412474,-2947558.881177305
-2523785.698219503,-2610975.326629745,-2949852.916020451
-2513969.729825509,-2583259.407588745,-2933164.9289076356
-2498585.4358811444,-2534528.3194631687,-2691819.8635927113
-2487941.8744401215,-2521889.3107814547,-2695108.5302569172
-2462600.118216309,-2499345.563378325,-2669181.776912652
-2458533.750094695,-2495686.099839879,-2647829.855854737
-2447401.5379257817,-2480647.0274873064,-2679864.055385383
-2430119.429378013,-2477828.0364372586,-2661021.681442751
-2402355.957276822,-2451193.0528664934,-2739199.509709622
-2393326.823628506,-2422414.92248475,-2613523.687682971
-2386835.844469136,-2405999.810331244,-2589391.2356942515
-2373373.25070369,-2394630.2479612147,-2566802.711596345
-2348091.8719221326,-2388403.628860733,-2586940.984461172
-2333344.1944413832,-2371049.930865273,-2579233.467949598
-2319344.8766782996,-2346728.9150678553,-2591858.8965796097
-2306840.0668440396,-2330688.91975404,-2517531.867705775
-2295821.297861569,-2318389.167404697,-2490849.2626489424
-2280485.718612099,-2303707.1827951097,-2484611.2176476754
-2267478.2815969456,-2297131.4793231254,-2459562.163451202
-2257775.903969302,-2277548.9783658525,-2416361.8357004006
-2244566.638145886,-2271814.301001691,-2496084.606438686
-2238866.7250913554,-2263415.373693772,-2466718.7590644127
-2227833.3902333714,-2250346.4261651235,-2397325.679079858
-2216400.0124235647,-2246982.9084017435,-2401934.7853987883
-2200447.8129905993,-2237248.0506784045,-2387717.0739941425
-2191835.685108247,-2221806.8911182103,-2396293.551758238
-2185938.156448486,-2203827.1021163175,-2413831.517346375
-2164414.55708478,-2200007.9588662293,-2397275.0241528545
-2141165.459686957,-2183991.5740853385,-2359295.6333052935
-2132712.5071144043,-2160710.38441506,-2345172.5088535286
-2125627.364545892,-2143800.6124973977,-2331140.0495118992
-2110106.172230256,-2134528.289474532,-2336691.545656718
-2104840.8831676873,-2123036.7386196223,-2372894.0296865376
-2091855.0244117868,-2116391.8771580695,-2296592.7231529634
-2086913.4200792098,-2099460.278559759,-2270184.9187914655
-2075910.3131991243,-2092963.790054679,-2308934.583534726
-2068792.5978526683,-2085824.7133268816,-2303067.5897797416
-2060057.9035468628,-2086132.4455859635,-2262062.9203302343
-2052408.2128477613,-2071897.5613442906,-2271440.8063603817
-2040013.2845770721,-2060632.743754384,-2223598.3827649243
-2034892.2888928656,-2052599.9874291003,-2213204.782049948
-2024230.9617427504,-2044723.87384036,-2217833.1879281583
-2015351.864477913,-2036094.6524231504,-2192176.3549907184
-2006108.8348676274,-2026966.5419458325,-2184473.186720122
-1997305.9459425374,-2014259.0550326924,-2192867.78866921
-1987028.3681460754,-2008160.7485370848,-2158767.4631928736
-1979099.5299058417,-1997162.908431905,-2170157.682699028
-1969288.606329828,-1992524.5268943633,-2193389.959699774
-1962095.200446641,-1978951.9522947893,-2219967.419868649
-1953451.8615798568,-1977818.162867608,-2169662.2107042666
-1944587.9972604304,-1965461.3993423965,-2176490.3048181687
-1937438.004012484,-1952739.3989686663,-2118509.5850772285
-1928422.5207583585,-1946291.327445244,-2066081.2432754054
-1919343.42603579,-1937371.1482716461,-2110405.0873463494
-1908085.5989871572,-1926358.525498161,-2088713.2475195732
-1896914.2766638657,-1925177.4293289422,-2105706.2408689028
-1890735.5316535253,-1907995.735963336,-2057510.9939685236
-1881434.989909437,-1909656.982497687,-2072946.2886048923
-1875205.9256023946,-1899606.348207132,-2110694.682299243
-1872757.5282127634,-1896142.4790395915,-2055288.109798045
-1859010.2740427624,-1885521.2827430598,-2090338.7819306268
-1859010.2740427624,-1899855.7502647976,-2091160.3583612898
-1852789.81859492,-1864058.3142429183,-2089741.2449031463
-1848073.2984379213,-1879529.2662166774,-2068142.4681116506
-1839060.6880501483,-1860432.4765590988,-1989284.9931160565
-1834005.2803744536,-1862631.6220424694,-2017519.6634516045
-1828846.6476757496,-1855298.4946457364,-2041922.8111273735
-1822330.9921488028,-1835890.104716946,-2006950.6311302711
-1817230.6531928063,-1838933.5668583305,-2060632.0905362633
-1807616.8140549872,-1834818.6175263599,-1972120.4918908174
-1804455.4576211947,-1829482.259669598,-1951539.2205212517
-1799588.3922663776,-1815798.5171627477,-2000337.3356953352
-1789627.2922908547,-1807780.6830774501,-1951328.784121099
-1787711.141979791,-1806188.4918685777,-2073932.474682068
-1781083.2455720303,-1795620.6911698207,-1922734.1933929736
-1776992.3339263874,-1801548.1098946515,-2009568.3555067405
-1768358.4027765263,-1786017.5706156776,-2053783.339114739
-1767909.5792354315,-1789115.5725183904,-1929148.4522996368
-1763059.0985379838,-1775282.8672331695,-1921048.9053458497
-1759757.5461449306,-1793184.862575169,-1998500.5440952498
-1753307.2772359427,-1774030.8446349613,-2006118.7705375524
-1749640.6394251212,-1769632.2554290853,-1958989.8338890886
-1744776.4443637384,-1765118.2732432873,-1936668.4593143612
-1740984.6959501489,-1769439.9583354972,-1945567.9980756207
-1733542.2862325644,-1787844.5191824087,-2007603.18174634
-1729609.6510862494,-1758098.894231517,-1958422.53264779
-1723676.6494854933,-1743853.928289109,-1933141.5809074051
-1708864.0483546096,-1737395.5099231065,-1964201.8953779973
-1705892.0743088643,-1730434.360553451,-1860557.83805144
-1701378.0749933044,-1714329.93759393,-1891797.269912458
-1695283.4870763766,-1718124.0287326428,-1976609.3648433797
-1690394.3776621849,-1702591.60593661,-1883448.325949196
-1686531.317948924,-1708922.324806525,-1885806.9327392052
-1681614.9829193149,-1693637.8329332352,-1879120.06756192
-1675957.5712330034,-1707337.3072728475,-1940074.4285778846
-1674563.332806293,-1707716.843132822,-1896830.493283169
-1666097.0126527671,-1704561.1231150923,-2001454.9330677693
-1660395.251567079,-1728810.480940519,-1959689.0672486187
-1657589.871050767,-1672058.9643589666,-1867219.1105799407
