Najlepsze,Srednie,Najgorsze
-4419982.1480346015,-4817891.342524218,-5267800.8850069875
-4144482.7868492063,-4665264.86136884,-5110827.84197723
-4144482.7868492063,-4559155.910879148,-5012560.758254364
-4144482.7868492063,-4453808.878581586,-4977894.794644239
-4131136.9907008177,-4359343.533038864,-4885533.176551819
-4077209.6408721763,-4143253.3153779614,-4205017.013185533
-4050004.6724827522,-4108817.846247149,-4159911.515264637
-3958224.0414209343,-4055957.4943301417,-4175493.235262897
-3958224.0414209343,-4007276.231337681,-4060120.963632985
-3957093.9578562886,-3992188.5803496884,-4074482.888581183
-3942180.341793018,-3972976.2517933594,-4049342.5266932216
-3893265.179618479,-3954806.6645211065,-3986630.62278794
-3892413.960526231,-3935957.931115828,-3980608.37686087
-3869019.455914409,-3907152.8484330713,-3997450.8120741337
-3857247.735783643,-3876187.9913908136,-3966726.853449548
-3849142.621693796,-3866895.6641496457,-3921977.9412718704
-3843533.722317031,-3858897.2375328024,-3949252.040282596
-3838115.8094655774,-3853043.6443261034,-3913236.752822722
-3827764.9357171687,-3843759.442248531,-3926643.90751396
-3820785.094694625,-3847129.9954341147,-3928297.2196614644
-3788303.0210904605,-3838790.330540648,-3968656.7629209557
-3780500.326433941,-3831807.266847421,-3894812.4942491977
-3780500.326433941,-3829164.52864265,-3907981.571526634
-3753130.566228988,-3809184.5200703484,-3885204.2170500616
-3730184.181126638,-3792845.186206881,-3863854.3140498423
-3713331.7160473377,-3774878.211277397,-3875008.9605697948
-3704859.6919099893,-3747948.763971293,-3866299.5309445765
-3694283.348265381,-3727739.600607383,-3845939.9985163948
-3693433.887271426,-3727741.5795693668,-3815558.340021365
-3662954.811224159,-3713567.2614315175,-3803402.7853977666
-3655515.3092396497,-3701734.6639353563,-3779433.3075081776
-3648299.383470372,-3686868.8760050107,-3768746.1726709865
-3641627.9938453306,-3673760.606520751,-3745224.9228929966
-3602397.83183967,-3663182.1056891447,-3749422.2479407
-3602397.83183967,-3641899.4923435897,-3743545.504776741
-3588997.7424957277,-3621299.493310759,-3706255.3625333006
-3587932.5773879443,-3604445.502914045,-3662832.681398294
-3563736.38489254,-3607776.18955296,-3718069.1749419803
-3559763.9236124344,-3608004.981741816,-3724138.592701507
-3559763.9236124344,-3590744.7726005847,-3683122.6978633944
-3469447.075782463,-3565420.0149051156,-3629868.1956969863
-3469447.075782463,-3550491.6829116,-3612718.8230231907
-3463000.021408897,-3519834.056200226,-3708183.476390298
-3439814.7177879745,-3472322.908421579,-3581281.705301948
-3435916.9890881893,-3469776.2694425033,-3609733.911024954
-3425657.8950009304,-3480685.2053096946,-3549527.488604289
-3421635.3926729746,-3473693.665179432,-3546369.131616595
-3410656.087589688,-3447669.8113759365,-3544937.8589070453
-3410656.087589688,-3454746.8243128806,-3517703.3050435637
-3394854.7902921494,-3425256.2187122065,-3530324.161334124
-3381316.7132140114,-3408999.612862225,-3503253.190169783
-3377073.423531336,-3402136.5429755626,-3486477.828616798
-3376627.0639779214,-3389651.697061411,-3472373.2044173167
-3343646.6746996935,-3392686.2644937956,-3486938.6554423957
-3343646.6746996935,-3419985.2875417704,-3474599.624057946
-3343646.6746996935,-3405390.100812414,-3474599.624057946
-3329687.681704051,-3398165.32773665,-3464065.795892454
-3329687.681704051,-3362729.400619513,-3481442.1286013154
-3329687.681704051,-3379212.5187955564,-3480576.905156328
-3320328.744032142,-3343421.410217343,-3421893.4243893
-3313300.189438402,-3345431.2523711445,-3448860.8742730715
-3307746.883429944,-3344247.1362182903,-3419353.4230335476
-3305064.949578966,-3337368.247820497,-3422373.5909794117
-3299659.643931695,-3328032.8952754647,-3423258.999432534
-3286506.0262063714,-3327032.9404364256,-3399929.497355751
-3271451.6229876718,-3322767.011550475,-3403067.1117415093
-3271451.6229876718,-3323900.844107871,-3420164.337382725
-3258861.0034857285,-3309531.022664371,-3381099.112072497
-3250999.6414595796,-3272310.4711303003,-3378102.0953562516
-3242228.3700462496,-3257876.133078769,-3281695.6081727752
-3235924.7638243064,-3260772.507660675,-3428842.538175183
-3226709.782180292,-3275646.2750209137,-3341299.94784534
-3218931.776717269,-3267023.507503855,-3348997.4202804444
-3216128.078993802,-3265186.704276433,-3384205.6635844694
-3199715.846169405,-3264853.616456505,-3370269.1528536193
-3199715.846169405,-3267459.322077479,-3335689.981139481
-3199715.846169405,-3251489.1766350083,-3323217.2498094467
-3186151.7956885616,-3212453.260864827,-3282732.010901939
-3178860.48303707,-3202476.9289435013,-3290493.3706680364
-3176442.4644821254,-3191633.1727129775,-3293245.2425128967
-3176442.4644821254,-3184610.601412749,-3242116.107126446
-3166861.7181712175,-3180802.89270314,-3249705.6400223183
-3155760.3569412273,-3186304.8106767656,-3358128.0976804676
-3148839.9489883366,-3173545.878550025,-3249663.2725158627
-3131944.943444474,-3168913.0643216195,-3255558.760479942
-3124818.823097638,-3155055.6186089343,-3234610.19673521
-3120522.429849871,-3135621.491471806,-3249666.657589862
-3119640.9529873496,-3129357.5021587126,-3230186.0173464827
-3090658.2057708036,-3123399.9685175065,-3151225.49977449
-3090658.2057708036,-3120565.015880231,-3211915.98465746
-3070582.0587588935,-3105095.1918571834,-3165793.276449461
-3055319.853485017,-3092188.0585056827,-3301971.3652971736
-3055319.853485017,-3073661.7682968993,-3151387.146791196
-3046234.5936841886,-3075257.739624017,-3150889.5422562878
-3031108.3149315985,-3060963.4096054537,-3166622.5751846805
-3018592.366012039,-3050045.365833336,-3115917.6127889636
-3014126.187882824,-3043263.922915094,-3127912.2355663814
-3001065.081715536,-3029397.734195562,-3107938.4456554623
-3000130.7088157698,-3020693.700910954,-3068334.4137865617
-3000130.7088157698,-3022048.231943586,-3170907.485710666
