Najlepsze,Srednie,Najgorsze
43438.88771375512,18352.576062249067,-10824.972929071359
43438.88771375512,33995.161997378265,9808.129027510862
45580.753450932796,43006.45415187718,30840.314493223254
48727.236322318815,41767.41847228994,31515.248309881834
51935.97222046854,45144.59592218555,35304.186325088376
53395.88933647172,46991.03527364913,37487.723009007765
54035.75454667285,49191.474336824605,32769.111485575486
55460.02468676728,51238.39279540382,37188.83599938598
56082.638639174664,55136.367849926566,49903.95042157936
59239.78026456581,55917.32517207338,52143.78809401004
59612.534710337175,54445.37416026252,42549.62404254784
62634.995789030596,54646.126471916774,38488.31323032547
63305.96871487991,57633.313356688435,50730.53290695275
63517.5866865135,59216.5009085216,42304.48596884678
63983.8477295927,59145.45129648555,42694.42243073017
64176.65361815078,60638.65298438361,49446.029008106285
64404.33706953173,59922.84311428512,38022.41297596269
64853.91955108315,64098.34433301058,59649.42621508497
65627.80656378312,64314.716870425735,59611.297773612954
66738.77710159689,62966.02576071714,49150.361811874885
67612.71336596043,63123.53726275721,45296.913500229726
67612.71336596043,62794.61335588442,52237.94850425247
68783.58597232836,67218.45684780198,61463.269918953505
68832.06690856244,63729.77471803431,52500.5290172135
68931.22162969955,66320.63387818683,59731.59263842673
69584.86811259102,67399.81871963899,59636.75403222779
69584.86811259102,68847.66942702954,64521.2748156498
69862.52927144586,69096.68412430734,57533.524046518476
71128.72453481572,69538.60922002295,64911.755454958155
71128.72453481572,67349.7480342912,51550.40079589537
72030.08364167636,70755.37618543979,61689.0891065417
72030.08364167636,71280.92199300068,66794.05451842732
72077.98691513881,71475.33231954434,61481.15659201823
72601.15353148791,71418.65775787368,51335.62554217559
72601.15353148791,71926.56731538755,57749.693957233874
72601.15353148791,72106.06330225275,49772.500687615335
72638.72927542582,72268.71597695166,68548.40053273992
72638.72927542582,72234.77131556881,64092.266838157724
73516.09039111953,71940.83719612686,62313.15708635552
74727.66920730227,72638.689346163,65892.94797889958
74727.66920730227,70479.97994221826,61745.7526341403
74727.66920730227,71623.12932633895,54964.0042574449
74727.66920730227,71182.3748132507,63243.37065763384
74727.66920730227,71364.90295088562,60337.97549560117
74727.66920730227,71331.9761891954,57410.48485205953
74973.06256424736,71456.53263359034,61710.83978472536
74973.06256424736,71481.57427707854,57410.48485205953
74973.06256424736,71112.49419288678,63536.35759372255
74973.06256424736,70938.61910108315,63480.22161886015
74973.06256424736,71145.3743053037,54892.475144433825
75428.31176021518,71647.57426753083,64272.88662176293
75428.31176021518,71629.91144147898,52376.00062364699
75428.31176021518,71687.8307571499,57449.69779155362
75428.31176021518,71974.00384829182,60948.89079069608
75428.31176021518,71929.71016243724,59831.177424980764
75990.25694693859,71893.49070957795,65176.37261259909
76451.30258730074,71813.57828941237,63799.01495955136
76451.30258730074,71076.59799389061,60638.405423067336
76451.30258730074,72989.97312074785,60541.90805629818
76765.82156096175,73237.89702652501,64957.761741800765
76831.08033416703,73453.78680062482,68047.37659868793
76831.08033416703,72675.49276271983,64571.63286396247
76831.08033416703,73353.42831978876,67691.02536780803
76831.08033416703,73559.89281944436,68271.67737323485
76831.08033416703,73054.45544459796,60786.45928001072
76831.08033416703,73535.27824640454,67126.95511250639
76831.08033416703,73716.69074326362,65502.47938727503
76831.08033416703,73767.77494547352,66278.05428334132
76831.08033416703,72562.4356759535,61609.006456568604
76831.08033416703,72855.66281990835,62662.309339266736
76831.08033416703,73883.22835622713,66066.73428322418
76831.08033416703,73256.88280710863,64866.94162704177
76831.08033416703,72852.727938574,64865.312809467905
76831.08033416703,73517.6446874487,62780.30844430202
76931.81046020325,73471.36016363587,68805.73321320977
77314.58999349925,73004.33048773854,59820.271339936015
77314.58999349925,72917.21743436197,56855.92301422498
77314.58999349925,73848.18329728063,66974.44131605457
77314.58999349925,74272.27821638594,64303.650879859124
77314.58999349925,73820.86541601544,66867.6079031543
77314.58999349925,73863.89049359121,67999.2061400837
77314.58999349925,74329.43032951167,65906.2926678364
77314.58999349925,73898.342155454,65623.77893371406
77314.58999349925,73388.95121221109,61596.713045463264
77314.58999349925,74158.0437662385,69206.5653737395
77314.58999349925,73489.91475791554,66096.63524590306
77378.28544288677,73858.84927144067,68065.76565848003
77378.28544288677,73930.73469068346,63043.44445704087
77410.85649007383,73818.46980538707,63544.92906702187
77410.85649007383,73809.23411910205,56572.71323447417
77410.85649007383,74254.37053668988,68343.71016838137
77410.85649007383,73589.26564367868,60040.558314985064
77410.85649007383,73820.58962299085,63662.16464313559
77410.85649007383,74007.4154791258,61394.021874132646
77410.85649007383,74269.8165677284,63469.93834835927
77410.85649007383,74001.232292077,65700.17025964783
77451.44007400238,73569.4141643973,64547.33024192496
77451.44007400238,73729.83122484968,67068.03344417816
77451.44007400238,73971.37939063062,66482.1067085354
77451.44007400238,74195.02142884495,67585.88667957127
77513.48580720194,73792.07378782277,64341.26875870116
77513.48580720194,74425.33948421954,68101.66389865195
77513.48580720194,74473.80488588469,67393.43037053273
77513.48580720194,73723.61355363796,58745.68456856903
77513.48580720194,73603.34493922674,66749.36469518527
77513.48580720194,73784.51871259775,65745.30525566102
77778.9305511767,74319.67312824156,67669.4830421759
77778.9305511767,73965.28324302039,69321.68004284201
77778.9305511767,73896.27532765786,64721.61477455752
77778.9305511767,73747.32714867733,63808.42477475171
78332.3671392252,74747.16184216453,67935.81633992391
78332.3671392252,74028.9799925673,59846.11197655084
78332.3671392252,75089.18154202175,67146.16289423822
78332.3671392252,74623.447469315,58304.039918575676
78332.3671392252,74899.4432358923,67905.79459762355
78332.3671392252,74308.93540867287,60968.78030959094
78332.3671392252,75118.93733404708,65556.20710419115
78332.3671392252,75000.81293627006,67905.79459762355
78332.3671392252,74514.93508561597,66237.58469402618
78332.3671392252,74406.46798867345,65740.82965064346
78332.3671392252,75582.76991764604,68128.63115730174
78332.3671392252,74373.78417428321,61264.57167716363
78332.3671392252,74390.8114520111,66181.2964878777
78332.3671392252,74618.59691281794,70163.83481508418
78332.3671392252,74442.35733853604,69594.75556519463
78367.85373490179,75128.26780870395,67905.79459762355
78367.85373490179,75038.06594167385,69627.44756245044
78367.85373490179,74979.78015303514,68441.04279751233
78423.33982634486,74515.89060457736,66101.375474499
78460.24280814825,74490.36879267434,64260.91617618547
78460.24280814825,73259.34242215994,64334.84685071695
78460.24280814825,74741.13157541394,65530.82177785977
78460.24280814825,74250.79582780815,60288.58297997974
78460.24280814825,74201.18314296062,63074.17451702187
78460.24280814825,75006.80432608366,66091.26429258939
78806.51918111066,74943.903131086,64789.67974364494
78806.51918111066,75027.98319849138,69752.76873465315
78806.51918111066,74841.81076094072,68297.45830579783
78806.51918111066,75341.0534025404,67633.4414127429
78806.51918111066,75037.53962473643,68380.2150843823
79349.70412639699,75143.76449018749,65546.02765434413
79349.70412639699,75588.74783332151,65598.3929394094
79349.70412639699,75615.78240759608,69931.65303035095
79559.4844383678,75940.31299577781,63963.6358352706
79559.4844383678,74050.75614563141,60737.19228485646
79559.4844383678,76280.77885816013,67220.26008633558
79559.4844383678,75658.7663011344,66783.34837831599
79559.4844383678,76097.2154364252,71745.08406461705
79559.4844383678,76114.7125721858,66783.34837831599
79559.4844383678,76107.40570632459,67062.88120557881
79559.4844383678,75942.82842367417,67815.24880545097
79559.4844383678,75847.85223389998,68747.17405235747
79559.4844383678,75952.11342586912,68795.13645472079
79559.4844383678,76155.6371685499,66598.13154738149
79559.4844383678,76327.94078261817,67289.76569640628
79559.4844383678,75685.19495231564,69697.15090124104
79559.4844383678,75933.52560821947,66331.93783978149
79559.4844383678,76288.34316790997,70063.622565773
79559.4844383678,76227.15488692274,58793.76298967699
79864.72394781146,75823.78895949422,62388.92429794072
79864.72394781146,75601.85844312563,64244.13759697644
79864.72394781146,76309.33073245775,66639.41939851502
79864.72394781146,76027.04114511704,58792.224190199595
79864.72394781146,76325.00048266436,69952.1656854556
79864.72394781146,76352.16186243486,70779.34765166545
79864.72394781146,76673.38634306354,71242.25562509337
79864.72394781146,76424.91771896947,67500.47969423898
79864.72394781146,76189.54955056109,68671.73775306967
79864.72394781146,76516.3563832175,69992.99209091574
79864.72394781146,76587.56097760984,64974.39895532429
79864.72394781146,76213.49521092928,68282.24481093911
79864.72394781146,76198.19590799656,68049.6377465184
79864.72394781146,76466.610532241,66702.30201814773
79864.72394781146,76400.95670357297,69899.65883290055
79864.72394781146,76031.62818636348,65403.6386029021
79864.72394781146,76967.87594528192,67376.94217510679
79864.72394781146,75827.41651666956,66279.13754053724
79864.72394781146,76357.2191903471,70633.53516836633
79864.72394781146,76407.65315675753,66734.6276500935
79864.72394781146,76308.38901411908,69818.2426811035
79864.72394781146,76668.6841298542,69992.99209091574
79864.72394781146,76912.95319160716,69857.45852895768
79864.72394781146,76318.77087155041,68549.53543235997
79864.72394781146,76650.59352482753,68549.53543235997
79864.72394781146,76889.6503623557,64393.70622578019
79864.72394781146,76893.96472028589,70098.7831909436
79864.72394781146,76414.8937684636,69282.79593813243
79864.72394781146,76499.22600875131,65588.1547546016
79864.72394781146,76402.4850721936,68688.35121790372
79864.72394781146,76261.49789588354,71290.304556777
79864.72394781146,76100.05169072447,59932.42325552153
79864.72394781146,76029.88537137705,64679.0433308013
79864.72394781146,76777.94195196236,70234.63858294726
79864.72394781146,76793.3306558709,69266.03438235182
79864.72394781146,76339.3487371708,69200.86514881735
79864.72394781146,76438.87453354913,66572.24062357945
79864.72394781146,76060.5753016482,61079.810638324605
79864.72394781146,76194.27329675901,67460.04771165093
79864.72394781146,76667.66643183533,64393.70622578019
79864.72394781146,76624.97538398378,67376.80331503323
