Najlepsze,Srednie,Najgorsze
-4030528.7374794832,-4882950.8191332305,-5712275.361379048
-3992548.668167861,-4623933.347016196,-5562326.791474635
-3927253.007867029,-4260568.055387538,-5235657.1777631445
-3837081.7749842214,-3984347.7432001145,-4109324.4792565545
-3744331.2686461937,-3888838.3728428762,-4056136.131656604
-3720984.7172571756,-3818794.610260568,-3985102.6622294756
-3696092.487628188,-3789157.0141243343,-3991121.8494554204
-3652932.599391764,-3766882.9928225614,-4009252.4164555417
-3597488.8015824663,-3721851.0999489664,-4002009.755541907
-3561268.944292383,-3704264.65477265,-4028936.8562132325
-3531092.8749259566,-3581690.1755295624,-3882681.1325922757
-3484966.29916546,-3564678.7519211457,-3725500.709106832
-3453836.6864639637,-3507644.9512282796,-3732517.803445988
-3421802.7177906022,-3489619.0758169657,-3607515.3346268237
-3381528.0653773104,-3449414.527494456,-3641457.4897576887
-3340358.870261679,-3431897.5927121043,-3663603.724811468
-3304755.0022470667,-3405456.745748555,-3583027.4487028415
-3281406.924634714,-3386619.474641904,-3623101.776028965
-3266540.7294243486,-3364111.0402716864,-3694547.237967986
-3243106.296172053,-3294031.085091784,-3485707.2022213787
-3207341.180463038,-3280985.180933458,-3460046.2947771945
-3184321.0926602883,-3243357.473371337,-3421062.887272504
-3140211.82278021,-3217628.7919461206,-3416419.9612111896
-3112536.6483161184,-3171571.0848594685,-3320672.021524822
-3088417.77576723,-3158809.5473270677,-3423182.90225969
-3058843.722326799,-3130474.058576494,-3408737.1083311983
-3033510.918779396,-3079556.7735500713,-3379025.3028754196
-2999612.548742984,-3048454.3913950515,-3165384.9362107394
-2974915.47611058,-3024654.850151309,-3197927.502130501
-2950049.4422670044,-3003141.77917229,-3148078.7919385373
-2917375.999947489,-2969855.391832235,-3094038.2636404904
-2896277.9837171636,-2941155.589598603,-3119159.724758507
-2863707.246002906,-2920840.563889881,-3104085.8891582806
-2841101.674615069,-2885042.7338277316,-3038772.6778180054
-2826062.4786858503,-2884455.8873274345,-3130609.688559648
-2798948.6118159797,-2863184.1745254034,-3106752.795834191
-2787814.1936098016,-2826174.4080292573,-3146896.3854060154
-2768934.5642412626,-2806230.3978867223,-3064731.3191967537
-2747253.6176205236,-2786537.1423748727,-3038846.4216376585
-2732788.340912362,-2769665.535160862,-2911216.2730662567
-2718297.275199538,-2756283.993720569,-2926324.0270808884
-2695788.817903222,-2731743.554510021,-2864201.9649865106
-2676984.6288022795,-2714403.3519240743,-2879879.6271549338
-2663195.889105154,-2709582.5861919266,-2915097.3369858405
-2641431.7131378883,-2673041.557783258,-2856495.2693568883
-2623329.452773693,-2674741.6474842103,-2894564.9654386356
-2608079.3246880635,-2662790.158892167,-2947426.6157970876
-2589665.8377686823,-2621589.359731832,-2768735.022629894
-2566258.834206569,-2605337.0495132855,-2721868.8263290925
-2547716.1839411226,-2592679.9968643277,-2740319.710271518
-2526680.827423282,-2564059.7267990233,-2780574.444010641
-2519604.370412005,-2552876.603514375,-2756644.2250347156
-2500910.5147781204,-2531254.184587717,-2720160.745816313
-2488829.4894546284,-2513537.4956323854,-2701677.0628029057
-2462601.871044042,-2501615.0942075397,-2642640.647996439
-2441059.833370717,-2483926.5766071887,-2677904.1595291235
-2428916.4473445714,-2456033.644131279,-2623708.5173578984
-2418805.435367865,-2448037.869107505,-2591057.989553267
-2405057.8499655505,-2447300.685482497,-2625180.4929271606
-2380768.763501943,-2425068.808370822,-2582773.494879678
-2375883.934242631,-2398671.219309919,-2521769.5384353176
-2357250.307081212,-2397331.018589901,-2566005.4252231056
-2340663.7388082184,-2370318.9778266014,-2503683.1689414964
-2326398.0324412566,-2368807.710153158,-2539851.247564059
-2309315.964325141,-2342113.04582784,-2466374.2172745834
-2301255.0573629844,-2344803.7820884255,-2482289.7545829825
-2290061.0078664776,-2356341.244521376,-2547854.8582866252
-2275407.3058346747,-2358422.9439994623,-2592270.79109489
-2265384.841462991,-2337892.9572970937,-2615025.9746098146
-2257486.1246781955,-2293382.297709079,-2599343.774973035
-2248179.986924427,-2275069.4581447826,-2417481.870430041
-2236751.826063681,-2280359.932253194,-2441971.3986369437
-2229874.493642043,-2255082.338209347,-2444539.24685132
-2215009.722685473,-2258162.480227342,-2429124.2208543224
-2207315.3130120086,-2235286.3166246875,-2370448.30684934
-2195582.58570818,-2240360.6262527653,-2423733.3106301622
-2186270.347894471,-2236591.506370531,-2400725.6208473863
-2174949.8474263763,-2229735.0210265364,-2436087.9680664516
-2173498.4876806624,-2234286.4912924315,-2420568.576754343
-2160108.47599887,-2211537.140756172,-2438815.339754748
-2152646.729951485,-2227012.508499953,-2480596.8734669024
-2145578.7982154884,-2186234.4018326984,-2434759.06464084
-2138966.3591359225,-2199225.3212459055,-2400673.886631737
-2129107.319433998,-2172911.642553897,-2400143.792636271
-2125007.6374581177,-2145306.618435157,-2322352.04452423
-2116650.436924125,-2140969.3892215174,-2369206.31674845
-2098657.2195210108,-2126756.7982160305,-2275207.315539807
-2093365.7377353301,-2115224.533962659,-2254291.7707730434
-2086403.2365775811,-2129079.087697268,-2357924.3698912105
-2081124.2677664296,-2121638.2671752092,-2289363.9649162497
-2074932.9005342147,-2112358.506222666,-2352814.75542557
-2067639.6118729084,-2103939.005058773,-2343845.3431791374
-2060313.5124948442,-2085150.7444840737,-2276427.3148810477
-2050724.5387492196,-2084784.1039199296,-2311086.668855233
-2036637.7278835748,-2057452.3788010275,-2202709.1132640475
-2025336.9897250847,-2046354.895983836,-2212336.080579057
-2016076.5494868422,-2037676.835074153,-2202010.898197459
-2008963.830283385,-2027722.0729676764,-2166015.561642469
-2006695.7698743523,-2022629.9943412154,-2190300.4612559206
-1999099.6984655748,-2021950.9594599036,-2161126.0721186628
-1988961.6535183594,-2023685.6697451074,-2152820.6573504447
-1986307.2259244358,-2021523.8238219258,-2199866.053580687
-1976777.0345538624,-1995900.585428431,-2129779.2753964355
-1972603.3538173728,-1995155.0957319634,-2145912.8417350957
-1959879.1408089034,-1980340.9506792054,-2156211.271219488
-1949710.873838559,-1979637.7989230957,-2188534.8686729763
-1947581.5136486155,-1975371.7359438846,-2183855.180612112
-1940118.4940908286,-1982293.9525103823,-2171591.7221502876
-1932518.0011002533,-1985792.5226894123,-2218102.433988073
-1922599.2959565958,-1947464.5179011333,-2114787.264001542
-1915970.7987534795,-1928801.0120005102,-2075096.2000713176
-1904007.892217833,-1935870.4286056652,-2082987.8906392124
-1902732.6621616376,-1920336.5399960387,-2125555.9889255874
-1894528.5793026746,-1908817.3624951248,-2073519.1999240671
-1886493.1574540543,-1902894.2239849523,-2035837.4239563956
-1876905.8893218897,-1893720.6638277723,-2030037.5788894894
-1872658.9075468862,-1891029.933118265,-2058337.5716274597
-1868105.9066629806,-1883855.7703615234,-2043332.2615037137
-1862991.0940838987,-1886497.3870736584,-2052471.6774195808
-1857998.2889672136,-1882229.804756758,-2085575.7888171687
-1853546.8889628202,-1879554.6687376334,-2033040.70594628
-1849284.3761936415,-1875428.2497457883,-2153323.5228771227
-1844428.094849375,-1882909.4146707722,-2058491.4913246299
-1839704.297551007,-1863376.0640737072,-2062011.4851247263
-1826356.7314552888,-1871457.1310014222,-2033573.765738383
-1819796.4241435234,-1849337.0733227502,-1989357.676780988
-1811823.4637683348,-1861644.4809924895,-2037199.2337390352
-1802350.3493591081,-1826556.875354975,-1993062.8442745197
-1795022.1065349116,-1812167.3927891853,-1949365.2454424647
-1791008.7559820823,-1809973.118831784,-1986657.357078197
-1783817.080291128,-1807211.9760916966,-1949009.641052356
-1776992.9634620443,-1790544.9111276998,-1962774.835534663
-1769144.5909192502,-1785022.4758587498,-1944068.732305038
-1762986.6293179083,-1777841.7031720935,-1918340.6612549042
-1756122.3140068783,-1770345.982283947,-1960619.203944195
-1748608.1905351705,-1766707.4720386302,-1908978.2029567896
-1744177.5146247498,-1763317.8145206687,-1906663.6391909188
-1737418.975054901,-1764211.9608566952,-1932864.0073524949
-1730561.1904892717,-1755620.2950423162,-1931620.027630187
-1730285.0609936344,-1773301.6092264354,-1987535.9290907707
-1727210.2887891429,-1796763.7286780984,-1978558.7632679986
-1722548.3752077417,-1772045.7475123154,-1994881.509883368
-1721693.2718838865,-1764515.8316880872,-2008573.3986613958
-1714467.6744339669,-1756051.1533541905,-1961341.8301925892
-1709423.0095548425,-1760985.0008294093,-1988226.5088215542
-1709222.1969640453,-1750726.7109715773,-2013124.0513369972
-1704682.4884077455,-1783427.4095577132,-2020783.9005941793
-1703799.8323601964,-1785001.1418044,-2011743.8942204746
-1700375.138209269,-1764793.966916249,-1989880.7456093782
-1697717.5527420784,-1795833.4153475377,-2054315.8265105975
-1695323.165333558,-1794084.045969295,-2051056.1542654182
-1689321.781768914,-1785171.3019424619,-2045184.1552015452
-1687767.2484162166,-1716394.2779915226,-2004457.6487623272
-1682186.9635213015,-1722815.3400417333,-1915641.9904925313
-1679892.881683572,-1736350.7992309802,-1923905.4426582078
-1677885.3036206912,-1702829.9413779818,-1851446.9633091714
-1672936.8655799688,-1693512.3714280706,-1869391.425938355
-1670192.9565526305,-1696683.6052724717,-1890650.765016958
-1664444.6247460875,-1691323.0495515058,-1817244.1340282431
-1664419.8153269447,-1695485.8721261432,-1894081.8046097807
-1659697.4472763287,-1712702.2690859952,-1940465.5512806538
-1653408.0926252217,-1692914.6246262612,-1880625.7903413298
-1652210.4731682036,-1683224.680422967,-1855055.3877496212
-1645165.97344029,-1691932.8311242065,-1908623.8644921707
-1643675.5257832773,-1691839.38372675,-1898135.2428884557
-1638917.8756298427,-1677297.2360453052,-1899292.954483683
-1636639.5541098588,-1659283.5334011272,-1817222.5820266048
-1631499.3851882694,-1679896.1877126503,-1874408.7794344306
-1629027.4613616616,-1656832.6953521764,-1879429.0831110235
-1627246.7121103927,-1638020.7139931945,-1789582.509789207
-1622875.6681292779,-1655420.6427374296,-1886352.8785258138
-1621249.0207413542,-1646638.1988527516,-1854714.937627139
-1614137.9753791438,-1652034.9779934455,-1834425.8650486846
-1611818.1356664146,-1667484.568159382,-1858594.4782164015
-1610176.8954512756,-1639688.1762563589,-1838887.461877305
-1599341.0393341007,-1617769.4578751093,-1766782.9149717565
-1599341.0393341007,-1619505.1213328578,-1734112.392122405
-1594295.9992721765,-1621135.9371122452,-1795238.799616009
-1588500.9835586464,-1613532.5704391475,-1845528.9837658957
-1582877.2459929835,-1604087.3055585446,-1773377.9215926023
-1580194.5570355467,-1609937.9593603243,-1794281.8947907584
-1579073.404828613,-1611282.9287553034,-1776877.9699947557
-1574896.677225263,-1596091.5509406538,-1779199.8032752974
-1570756.136223802,-1600962.5106621692,-1824757.2217176538
-1565353.8774254331,-1579753.1156782513,-1738743.2407824341
-1562661.848902901,-1580954.4657478116,-1772618.1824514042
-1560831.447108958,-1593311.257949952,-1763595.9805173383
-1559256.590286989,-1620720.2455550474,-1848296.994869142
-1555882.6813655917,-1591059.5166993814,-1840561.4500519766
-1547093.4028086278,-1602073.9088662625,-1867696.7419490712
-1547093.4028086278,-1567612.6237634402,-1752616.1826244483
-1541739.1260260881,-1579251.9384893319,-1751266.6007813446
-1538444.5517404294,-1555558.045422214,-1704782.7668472282
-1534439.2862037045,-1559711.3407600587,-1696707.6647087564
-1533648.8072276162,-1552582.416749795,-1747568.7892664857
-1530251.5506334652,-1546162.621595443,-1696398.700087733
-1526320.6669363547,-1560375.8994637823,-1744427.6072968445
-1517396.9491098823,-1541911.0907975677,-1709141.5207677677
-1516822.4962776625,-1535808.6943718337,-1655030.0289684802
-1510283.9544102957,-1544799.1235511105,-1755549.7897036583
