Najlepsze,Srednie,Najgorsze
-4072816.085974274,-4601723.245627195,-5157041.56050321
-3976960.10624892,-4384855.906151524,-4980341.3414145205
-3957986.1439200835,-4294979.112321216,-4969344.893486692
-3913066.701357551,-4013643.748778127,-4493149.959292728
-3845982.7402631645,-3953036.891981467,-4267315.376193747
-3782031.462314053,-3888946.1810439327,-4019529.4288953654
-3703983.368739705,-3802852.986484446,-3921349.0987673737
-3670044.254661426,-3736184.1365697505,-3887780.3716776413
-3594779.059554694,-3687058.6720608464,-3806489.51228422
-3549347.634681953,-3627509.8352897936,-3734889.316284459
-3513867.5683555026,-3587080.2859749678,-3754284.5905839633
-3445556.4872735264,-3534563.7196191996,-3645580.3064963603
-3414736.330739082,-3476382.8574102465,-3594767.4300642335
-3365234.1542532644,-3434597.8161540763,-3569405.678256475
-3311980.740258225,-3381412.79672741,-3508381.8237393764
-3292695.583493362,-3337707.890096356,-3438915.778933344
-3257512.2122026635,-3303307.017498813,-3481190.0362552134
-3214796.032885939,-3267766.6744699795,-3412895.1271816157
-3195403.0224578353,-3239957.3499079286,-3380049.2847643113
-3150691.934489961,-3216146.8594967625,-3333059.046143205
-3119857.455235623,-3181525.4689173372,-3286661.4493960794
-3098298.102785781,-3145659.8840611856,-3221600.3435158953
-3078445.1487462875,-3121029.0790614258,-3234871.0324265277
-3040296.800072123,-3099397.6809337493,-3221218.4366871603
-3022072.278155213,-3074933.9976844247,-3210577.7708987743
-2995001.9768509595,-3042767.2811496994,-3197410.8539378694
-2972540.281937436,-3033074.7804273968,-3171278.3635773575
-2957213.1249030037,-3002845.763484709,-3173481.8384322803
-2934981.135827391,-2979388.8993421923,-3107012.6904005604
-2916722.9912596154,-2961175.344349953,-3081887.6998000997
-2895592.3387544523,-2930232.2583063934,-3041038.4137567575
-2870218.2808113797,-2902591.621066154,-3003090.7528368062
-2848663.390923575,-2900450.8453911273,-3026163.7898265147
-2828347.44075926,-2866049.067517735,-2987150.6504339133
-2806060.783196401,-2841411.406019498,-2968537.6390513815
-2792461.3165241694,-2820880.4116104757,-2977030.1416732403
-2773722.869240457,-2813433.5339761805,-2956838.4231043854
-2754375.330446219,-2803001.1098506046,-2995146.8411596525
-2731569.8343162867,-2791777.392342596,-2937435.114447693
-2718311.5362418527,-2777362.7798470445,-2928141.1072729756
-2705054.644796173,-2741419.524872019,-2858885.0193972555
-2690168.4502676018,-2733654.094041181,-2922185.1579802893
-2673065.996593207,-2702838.2274118457,-2838070.787218322
-2648114.0087940968,-2696857.118572019,-2821171.5190346874
-2641890.290181135,-2676310.76078135,-2809148.9926362
-2628206.08412027,-2667147.9201325127,-2845446.61636787
-2600245.7340319315,-2644090.029684813,-2805761.9728647904
-2568788.39106026,-2618205.2878183187,-2733787.9156409022
-2554175.6692704274,-2587402.5277468013,-2705849.0500127887
-2541129.2196770334,-2566016.6446970706,-2699999.318373874
-2516713.243830006,-2548743.553974655,-2722250.877070328
-2496024.031710666,-2555325.860594565,-2716758.796258115
-2476926.7530740397,-2523170.4923792128,-2693185.368471731
-2466969.818610879,-2493114.6188352453,-2675053.0180559815
-2447962.40003274,-2481372.523512219,-2648049.583702567
-2433435.8207628154,-2463271.657016988,-2608050.891601359
-2417515.7149541457,-2450136.7507765065,-2618366.975581889
-2407720.135320279,-2435811.048148838,-2603819.6242344873
-2389223.003798246,-2428326.7926230826,-2567955.804235994
-2376273.898499796,-2408015.472783452,-2673782.735419578
-2359566.0350277866,-2409577.0701032807,-2568034.2794811875
-2342577.1258674823,-2376344.23992532,-2521592.247559274
-2340204.624575633,-2366748.9827390006,-2551252.404024247
-2330445.0831628023,-2385802.6613388998,-2562739.9257673733
-2319529.8872836563,-2362043.6127743847,-2528959.8074592697
-2304529.5962097095,-2329901.34072682,-2466856.8053914327
-2300603.0410099486,-2326589.0593786035,-2516538.732488754
-2287329.9935268955,-2338396.632158871,-2547637.032662136
-2277060.333312357,-2326488.072411152,-2576662.0050066616
-2265619.156799265,-2312040.4582793126,-2529169.1759287887
-2244635.012276885,-2273628.726920798,-2390352.758653992
-2236780.790581002,-2268207.8963374402,-2392977.4679242806
-2226593.155107018,-2273047.7518608756,-2420198.5935925134
-2221341.8815688686,-2276253.824852027,-2428204.9809926073
-2212132.3230612613,-2253096.363048307,-2447650.2240046314
-2197046.2452414115,-2226361.321731047,-2346882.328663236
-2187291.081780415,-2208447.458210854,-2332028.297838833
-2177394.759815385,-2200601.5795081328,-2341956.5327734216
-2169699.8904677923,-2188971.154074561,-2344107.18057851
-2161315.526128093,-2189871.8294921764,-2338606.6743592843
-2148972.9415923404,-2179788.606874229,-2316863.96746723
-2143052.625746918,-2168930.2580263233,-2324685.9355203533
-2131661.7066821177,-2159397.6855804473,-2341803.668143565
-2118375.618054415,-2173951.2754986286,-2344653.5810317877
-2109991.2943431027,-2159425.9352453905,-2336640.316229211
-2104073.4377547856,-2124674.2223548633,-2267450.7456429037
-2086827.6428565686,-2117076.6428982457,-2308638.3226620387
-2071908.380303265,-2104400.6282145823,-2272279.133358824
-2063605.4668261125,-2089872.8857591457,-2226473.5653937226
-2055400.6319873496,-2074892.662343488,-2167603.5196882505
-2043373.4304399188,-2066481.98939443,-2240533.6529401685
-2033454.4089399837,-2054957.9708239895,-2194180.614998262
-2023464.0107847122,-2047672.2582975798,-2182724.3972001327
-2013884.0926134386,-2039578.602806517,-2183878.0502806306
-2004305.0031230412,-2027346.657764362,-2156552.541248944
-1998890.2390283514,-2029106.6710777448,-2150896.20963848
-1991173.4599920963,-2006305.9613912378,-2149010.021101302
-1979845.2665184634,-2006039.9640426578,-2176400.123216777
-1972541.1503091883,-1992622.9533524062,-2159911.395604481
-1966163.8176472671,-1991085.9996924112,-2122741.727232132
