Najlepsze,Srednie,Najgorsze
-4350233.599054183,-4817234.263646095,-5263531.528451392
-4300093.718570064,-4673639.176951714,-5084657.560447669
-4205365.809016722,-4600487.675337237,-4986748.127419575
-4205365.809016722,-4551605.440752418,-5162196.923583253
-4205365.809016722,-4464545.032028206,-5038338.040845191
-4196705.704383693,-4332438.945852906,-4732225.105356647
-4196705.704383693,-4239121.322260205,-4732225.105356647
-4195912.293947294,-4200921.397474102,-4214576.159618747
-4195912.293947294,-4197236.478141882,-4201093.737306865
-4195912.293947294,-4196549.886534005,-4201752.590761935
-4195183.469340619,-4196127.160623411,-4196705.704383693
-4195183.469340619,-4195883.140963018,-4195912.293947294
-4183448.542305597,-4195660.182564785,-4195912.293947294
-4182719.7176989214,-4194801.651454586,-4213197.687796367
-4182719.7176989214,-4192656.9298951505,-4213197.687796367
-4182719.7176989214,-4184612.9979940797,-4230160.5504706595
-4177105.4123426117,-4182753.5168600553,-4193575.2034614747
-4175943.1989404643,-4182150.0144832544,-4186003.063251947
-4147965.836840175,-4180571.8293904364,-4239378.204294341
-4129951.0382092074,-4174957.1905440595,-4181561.684011317
-4129951.0382092074,-4167759.7982865404,-4184248.965987636
-4129951.0382092074,-4144971.894357369,-4177069.0459812926
-4129951.0382092074,-4133315.9442505836,-4141189.318081717
-4129951.0382092074,-4129995.4799948614,-4134395.2167752655
-4129951.0382092074,-4129983.673912757,-4133214.6085648043
-4129951.0382092074,-4129951.0382092013,-4129951.0382092074
-4116952.2363524972,-4129821.050190634,-4129951.0382092074
-4115273.73178584,-4129544.2891078335,-4129951.0382092074
-4115273.73178584,-4127494.0314032324,-4129951.0382092074
-4114465.018350638,-4123113.2276915843,-4196166.6821108535
-4107451.782649617,-4116700.757468714,-4163185.068563071
-4107451.782649617,-4114740.315969989,-4118190.856287112
-4107451.782649617,-4113916.77888673,-4114465.018350638
-4107451.782649617,-4113101.1731945546,-4140320.8093121406
-4107451.782649617,-4111282.1037002616,-4114295.6360941925
-4103255.3405550956,-4109851.7699695122,-4129150.3313266933
-4103255.3405550956,-4107843.9824673934,-4114815.76091456
-4107451.782649617,-4107855.09959057,-4115408.046561127
-4107451.782649617,-4107553.5935829426,-4116290.8523424515
-4107451.782649617,-4107451.782649621,-4107451.782649617
-4107451.782649617,-4107451.782649621,-4107451.782649617
-4098995.9943541926,-4107367.224766666,-4107451.782649617
-4088322.7707618144,-4107550.5274500228,-4129061.365844653
-4063972.4482543697,-4107565.5223442926,-4129061.365844653
-4071819.125964072,-4110091.88038852,-4129061.365844653
-4071819.125964072,-4109146.4899268216,-4178132.314854527
-4071819.125964072,-4102910.8195469123,-4163152.813653106
-4071819.125964072,-4086059.6270477055,-4163152.813653106
-4071819.125964072,-4073265.907819366,-4126231.750195143
-4071819.125964072,-4071821.223044114,-4072028.8339689975
-4056811.554880761,-4071642.753109615,-4076054.687610026
-4056811.554880761,-4071152.4262985247,-4083978.5177193736
-4056811.554880761,-4069459.391740112,-4071819.125964072
-4056811.554880761,-4065319.4875608413,-4071819.125964072
-4056811.554880761,-4062065.1276464257,-4069204.2416801103
-3926869.1931129554,-4056244.9378198893,-4064953.8499564235
-3926869.1931129554,-4052930.6360666202,-4058546.7587704738
-3926869.1931129554,-4029644.9668113445,-4084151.976119432
-3926869.1931129554,-3960547.3348381217,-4056811.554880761
-3926869.1931129554,-3926869.193112964,-3926869.1931129554
-3926869.1931129554,-3926938.6806140663,-3933817.943223165
-3926869.1931129554,-3926869.193112964,-3926869.1931129554
-3926869.1931129554,-3926869.193112964,-3926869.1931129554
-3913271.836161457,-3926733.2195434486,-3926869.1931129554
-3913271.836161457,-3926169.1373260366,-3938447.756129274
-3913271.836161457,-3922963.5868971525,-3942780.0237607853
-3913271.836161457,-3916140.5835053083,-3926869.1931129554
-3913271.836161457,-3913396.4034746527,-3925728.567481384
-3913271.836161457,-3913304.238832423,-3915275.0966237136
-3911450.492186953,-3913428.8363586264,-3930793.199853274
-3900907.6102578156,-3913222.4707511854,-3921983.382377754
-3899086.2662833114,-3912358.3580111726,-3913271.836161457
-3899086.2662833114,-3909746.7719572033,-3915509.2283044932
-3883518.0050746053,-3903360.6853937632,-3913271.836161457
-3883518.0050746053,-3900212.805566564,-3926229.8262640657
-3883518.0050746053,-3900851.895187173,-3976238.85291542
-3883518.0050746053,-3904545.489917314,-3926229.8262640657
-3883518.0050746053,-3900980.29473839,-3926229.8262640657
-3883518.0050746053,-3900975.627499705,-3926229.8262640657
-3882935.6463843924,-3887308.571542815,-3926229.8262640657
-3882935.6463843924,-3884072.295654452,-3926283.9293525172
-3882935.6463843924,-3883905.8573484095,-3888385.58644041
-3882935.6463843924,-3883849.898860365,-3888385.58644041
-3882935.6463843924,-3883025.023432178,-3886155.9270785293
-3882935.6463843924,-3882951.173529126,-3884228.477944245
-3882935.6463843924,-3882981.4273940595,-3887513.747350463
-3882935.6463843924,-3882935.6463843985,-3882935.6463843924
-3855362.8689660807,-3882432.6981175165,-3882935.6463843924
-3855362.8689660807,-3881898.716003565,-3898398.982087084
-3855362.8689660807,-3877521.691249102,-3903653.419046185
-3855362.8689660807,-3863789.982619101,-3898398.982087084
-3855362.8689660807,-3855427.2631898616,-3860093.779592563
-3855362.8689660807,-3856110.284446987,-3909817.910499744
-3855362.8689660807,-3855744.4728214503,-3893523.2545025395
-3855362.8689660807,-3855462.2809700673,-3865304.069364223
-3831659.139834371,-3855108.6614755224,-3855362.8689660807
-3831659.139834371,-3853642.4826795785,-3855362.8689660807
-3829942.119909799,-3850202.2798495693,-3862287.9229650735
-3829942.119909799,-3837976.855635756,-3855362.8689660807
-3829942.119909799,-3830769.726823577,-3831659.139834371
