Najlepsze,Srednie,Najgorsze
-4310654.556684268,-4815622.875586711,-5358668.212006821
-4269244.326208888,-4699596.73465924,-5168867.868734261
-4230540.33412689,-4633766.203867269,-5240747.611810591
-4249808.953010894,-4551520.51809451,-5003197.010374654
-4249808.953010894,-4409398.752691114,-4901908.897104037
-4249808.953010894,-4281329.727535966,-4537305.112414758
-4249808.953010894,-4249929.761694016,-4261889.821322565
-4249808.953010894,-4249808.953010899,-4249808.953010894
-4247191.747976113,-4250089.310515385,-4261247.735586417
-4241025.448004451,-4249342.098824183,-4251294.795430031
-4236325.169869582,-4246968.839874689,-4249808.953010894
-4236325.169869582,-4242789.388326535,-4249808.953010894
-4236325.169869582,-4238842.894814954,-4301270.083979354
-4207567.7857394265,-4236286.2589812,-4248760.364009999
-4207567.7857394265,-4235139.373214591,-4236325.169869582
-4207567.7857394265,-4229968.044532028,-4238239.95171751
-4204085.554142803,-4218232.412767928,-4236325.169869582
-4195904.487487885,-4207331.672733028,-4232775.040890749
-4192725.7297550673,-4205444.112127585,-4251107.234193859
-4192725.7297550673,-4200661.970831845,-4207567.7857394265
-4192725.7297550673,-4195817.470164528,-4204085.554142803
-4188230.7773187803,-4193408.092287426,-4234424.187064429
-4188230.7773187803,-4192614.2919585784,-4199561.759851834
-4188230.7773187803,-4192006.5373652563,-4192725.7297550673
-4188230.7773187803,-4189849.8500288976,-4192725.7297550673
-4187700.297946913,-4188225.4725250583,-4188230.7773187803
-4187700.297946913,-4189060.927577232,-4273898.2000236465
-4187700.297946913,-4188151.2054129974,-4188230.7773187803
-4186376.433846701,-4187961.721022759,-4191825.377269497
-4177480.7201026315,-4187630.189872957,-4195674.045424274
-4170162.3004363477,-4188578.9691471206,-4206360.421053249
-4177480.7201026315,-4193005.870237353,-4232991.236382539
-4177480.7201026315,-4189746.3983581974,-4205036.497764114
-4177480.7201026315,-4188027.5370715475,-4205036.497764114
-4177480.7201026315,-4188266.4019558327,-4205036.497764114
-4177480.7201026315,-4191660.576727096,-4205036.497764114
-4177480.7201026315,-4188726.622021586,-4205036.497764114
-4125224.673279478,-4182817.0863287915,-4206136.087787051
-4125224.673279478,-4174814.036425447,-4177480.7201026315
-4125224.673279478,-4166452.6850699,-4209641.057502543
-4125224.673279478,-4154794.3602164267,-4204063.598068548
-4125224.673279478,-4147520.74611626,-4170949.594341087
-4125224.673279478,-4133266.363172554,-4170949.594341087
-4121127.2448770744,-4125187.1931227082,-4125574.0860058116
-4125224.673279478,-4127781.953032342,-4159118.507030937
-4125224.673279478,-4125521.56826946,-4154914.172278598
-4125224.673279478,-4125264.851816295,-4129242.526962094
-4119743.160111395,-4125222.7298645996,-4130511.8449606355
-4119743.160111395,-4124995.2769083586,-4128162.1959967464
-4119851.8488462656,-4123865.051795738,-4125224.673279478
-4119851.8488462656,-4120776.719322784,-4125224.673279478
-4118868.7498898194,-4120524.7607970494,-4184888.2219433486
-4118632.483878679,-4119790.5002487623,-4119851.8488462656
-4118632.483878679,-4119554.936848333,-4119851.8488462656
-4118632.483878679,-4119582.598909087,-4169737.176839127
-4118632.483878679,-4118686.8250612356,-4118868.7498898194
-4118632.483878679,-4118634.8465387844,-4118868.7498898194
-4106944.5971070207,-4118537.3132562004,-4120803.3084030463
-4106944.5971070207,-4117931.210672374,-4118632.483878679
-4106944.5971070207,-4115476.754450325,-4118632.483878679
-4106944.5971070207,-4108580.901255045,-4118632.483878679
-4106944.5971070207,-4106944.5971070123,-4106944.5971070207
-4081795.331539774,-4106693.1044513397,-4106944.5971070207
-4081795.331539774,-4105184.148517305,-4106944.5971070207
-4081795.331539774,-4098393.8468141495,-4106944.5971070207
-4074057.183433688,-4085124.470020886,-4106944.5971070207
-4066150.3411337216,-4081337.91926481,-4081795.331539774
-4066150.3411337216,-4082118.722960185,-4119374.1871832525
-4066150.3411337216,-4076992.76411014,-4081795.331539774
-4062072.5732615,-4073207.3632206344,-4119374.1871832525
-4058696.718543585,-4067016.3344593807,-4112543.299706366
-4058696.718543585,-4065217.1731658317,-4070506.551489674
-4055643.518595683,-4064264.7526757885,-4070506.551489674
-4021970.5882826373,-4062365.45257102,-4072258.247643875
-4019423.6751101674,-4057414.379186744,-4070506.551489674
-4008763.1244826135,-4044086.319008815,-4102052.8680674396
-4008763.1244826135,-4026281.8222751142,-4070234.3962007775
-4008763.1244826135,-4013774.8838774585,-4041528.5940068555
-4008763.1244826135,-4009020.4907310028,-4034499.7493212135
-4008763.1244826135,-4008763.124482617,-4008763.1244826135
-4008763.1244826135,-4008835.813469402,-4016032.0231611975
-4005971.98479808,-4008852.286502118,-4020470.4661172903
-4005971.98479808,-4009337.0396846724,-4015811.529612052
-4005971.98479808,-4009353.6099272873,-4015811.529612052
-4005971.98479808,-4010272.920068251,-4015811.529612052
-4005971.98479808,-4010408.273971638,-4015811.529612052
-4005971.98479808,-4009716.6011163522,-4015811.529612052
-4005971.98479808,-4007885.7971718437,-4033184.5866175233
-4005971.98479808,-4006547.2474904344,-4038318.67400946
-4005971.98479808,-4005971.984798075,-4005971.98479808
-4005971.98479808,-4006000.864876741,-4008859.9926647
-4005971.98479808,-4005971.984798075,-4005971.98479808
-4005971.98479808,-4005971.984798075,-4005971.98479808
-4005971.98479808,-4006035.751016063,-4009358.2286249553
-4005971.98479808,-4005971.984798075,-4005971.98479808
-4005971.98479808,-4005971.984798075,-4005971.98479808
-4005971.98479808,-4006450.5654525696,-4053830.0502475365
-4005971.98479808,-4006345.9052705686,-4043364.032047475
-4005971.98479808,-4006036.6278544054,-4012436.290431117
-3987160.2679178505,-4005692.887981236,-4005971.98479808
