Najlepsze,Srednie,Najgorsze
48576.869738139205,18711.619062555663,-28314.232256860647
48576.869738139205,25964.197486881967,-8164.359360292627
51342.2366622166,30691.33906453774,-12992.41507802748
51342.2366622166,34467.820119088356,-5488.425639388384
53206.110639759456,41203.89306165183,-2286.19233906272
53206.110639759456,46580.85612978726,8672.390120791155
54793.666219029285,49194.102388229,24976.706270541894
57336.95285153781,49737.00826295739,32679.508444000923
57336.95285153781,50260.01486534802,28206.879838930123
59388.04564226113,53669.999334204374,31207.959844247394
60447.57248080133,55828.08316335345,35796.07619465205
60447.57248080133,57045.48769878596,40143.96167387584
62049.64088575842,57845.14983446827,40996.72642745624
62835.725936195755,59161.082662104796,45955.49775800109
64171.55525851008,60233.32490003152,44421.32333100056
64895.39194284731,61031.72817568164,41417.53969812568
64996.3445193206,61914.35044712254,42666.814154249536
65765.25456690878,63634.728305242614,49400.77531735726
65981.67911153362,64054.593352722804,54871.69930915064
66332.37428453345,63435.47718189105,37418.23187311736
66574.12137122157,63584.50478225513,48699.17916769552
66886.06208735696,63992.0748822785,45794.216846513606
68573.77622247729,65159.98593700244,47128.73564864166
68573.77622247729,65914.0934570302,52597.67709050186
68714.90423267357,65988.92533910509,46095.30078903569
68844.36732274413,67015.70183814772,45086.492904589584
69081.55414342975,68000.64711098222,56950.34508737336
69323.35725226546,67907.04796621516,52112.28653728242
70143.08664328905,68520.14833510066,51685.96684584403
70302.89781496165,68641.1314721544,50801.924184837524
70668.80179632221,68713.73410463586,51816.8511996235
71219.70910323583,69147.05950196323,50297.381284685616
71219.70910323583,69692.11608419975,58463.47516553767
71435.37622388257,70241.76560759841,50424.314576643366
71921.5523134763,70639.22356585595,54489.520113861596
71925.98302817288,70552.51967249361,54043.02490247004
71925.98302817288,70284.560701067,51705.71459970765
72113.83062936454,70312.18620711898,56885.265789587764
72649.19399700264,71241.4094556365,57321.78737267275
72841.38983773038,71369.40770556666,55445.12348783193
72915.17975402066,71248.26498660861,57645.88256802671
72915.17975402066,70360.62004028201,52111.89061971479
72916.67950285599,69303.08530606811,49319.48917352401
73274.09003981242,68589.7728058107,51787.052968490316
73274.09003981242,69203.62399100776,52947.914244758984
73805.10235311018,69874.35555799877,50322.385359040294
73805.10235311018,71548.42799974578,45748.033172340794
73805.10235311018,71936.34155183526,58889.741319595036
74259.38114953521,72474.59015615087,55758.36836481009
74259.38114953521,71901.6476722672,49976.83951140298
74259.38114953521,71981.38158120033,54134.202226705915
74445.43831125688,72829.73787642898,59747.99570747396
74696.95347401629,72362.31776722393,57903.36090010728
74696.95347401629,72709.41340761643,64806.68008181149
74696.95347401629,72731.35801924072,52782.21243111347
74696.95347401629,72801.99276465349,60266.958222146706
75105.0904936547,73240.77452511336,62721.410196502795
75125.36305696033,73146.44998091756,55229.20087546944
75125.36305696033,73738.60510386685,50297.27088225993
75125.36305696033,73639.74951114158,61694.46312120557
75299.42936444748,73934.59982347024,51840.60262074854
76008.59575926255,74603.24677622935,62131.98686897871
75493.62157479477,74343.74824468643,54857.71628283823
75804.57451549164,74610.40173849888,57995.9320103663
76070.54109405247,74794.15795672884,56158.21663544749
76170.43842847408,75049.49251038027,66453.33459973414
76383.30550872283,75421.94698039962,56831.1544312121
76718.12225152405,75474.66605432941,58765.6940493942
76718.12225152405,75444.87274811591,58070.980705252194
76718.12225152405,75182.31914355422,55070.85765715175
76718.12225152405,75103.61933441921,63812.08486134291
77058.76599738938,74976.08198068223,56010.83690538159
77058.76599738938,75054.55502392267,54329.11021310163
77156.3160918687,75685.69141880482,60286.40110285085
77156.3160918687,75517.90519214937,65267.59616623545
77156.3160918687,74984.51408173073,59694.1824325163
77156.3160918687,74800.42042530602,61228.56813921741
77302.24210433458,74631.84487659959,59093.02054627638
77513.02378389597,76064.02935916156,62668.790780238436
77513.02378389597,75439.26973941749,61860.72052243835
77681.02469833045,74820.54897831459,53266.30196558453
77681.02469833045,75745.24069061464,57882.22643355906
77983.30712116275,76983.45042607348,59634.688194142385
77983.30712116275,77026.593648278,64859.43527984746
78238.85480703234,76562.3909008786,58409.29971367177
78238.85480703234,75722.88933374199,60489.16766922532
78353.25586967554,75564.09579232849,63479.881558169116
78353.25586967554,75517.27996216412,59440.430776883055
78353.25586967554,76808.43839216875,62309.785018833856
78353.25586967554,77447.11854893104,60213.381070294214
78528.22751325865,77797.25754049562,58029.22747110583
78528.22751325865,77699.4537634195,65826.16935710161
78528.22751325865,77843.59527563839,66850.29455185542
78546.07978788351,77922.41309985136,67039.88101553431
78566.99819353581,77871.8533834103,61649.66564713207
78566.99819353581,77987.41132687128,68122.01782037699
79181.5727264715,77648.33136304384,66762.78443670543
79356.39144040635,77743.92306333984,63982.55277534603
79356.39144040635,78105.14551068234,66900.1003478458
79356.39144040635,78472.4055875455,67413.58160241653
79356.39144040635,78654.60894902017,57942.56953890034
79356.39144040635,78688.85295871003,60302.1886346489
79503.15996807581,78823.52628401497,68221.57986352743
79416.95368151685,78690.7534756438,66920.51036793966
79660.16887673037,78776.73878371993,58122.77030576226
79418.56437843826,78741.61081533259,66426.08405491224
79424.30971092398,78913.81232926827,64974.8775467279
79425.92040784538,78903.24090353934,63163.455728207875
79490.01993347627,78737.77326954325,62329.04799865763
79490.01993347627,78646.67499439826,63242.091271262056
79516.15929472746,78692.56760698822,60336.405410273175
79516.15929472746,78865.29615833904,68038.07838145047
79590.059926063,78934.66338459449,60415.040953327356
79590.059926063,78973.50419300255,63631.53236787458
79597.41595547013,78965.59967345584,58242.4498621439
79635.65062089358,78946.12423842463,59236.27084112396
79643.0066503007,79034.38737088868,58364.6228315857
79643.0066503007,78942.26348730449,64463.29345200099
79656.90906549765,78536.74364630952,63174.9287145939
79758.56934009868,78839.30628583534,63774.72094831093
79685.92910522618,78849.48691375792,55459.29263934881
79685.92910522618,79018.81452568408,68265.48782641909
79797.70802358969,79111.92632945855,64480.74497764791
79797.70802358969,79119.8701979849,58465.086177449615
79797.70802358969,78901.33704815815,67105.09492294106
79858.86408444184,78860.8019202803,58576.86509581312
79858.86408444184,78627.01521654426,63103.40497276528
79858.86408444184,78618.52191050249,57174.63617734065
79886.8004381897,78992.21670142098,69086.31579757796
79886.8004381897,79216.12019061303,64250.52616255091
79937.51424228953,79239.31439529802,67892.58852116292
79900.06875568203,78861.34088365546,59690.05196765137
79900.06875568203,78754.67536651192,66061.6789909956
79971.99633422679,79003.97039924451,58181.83173476263
79971.99633422679,79075.22203641685,55712.69966769003
79971.99633422679,78907.75083768516,66703.90575573576
79971.99633422679,78855.09407792026,65317.91455339116
79971.99633422679,79408.9760036924,65232.80783962707
79995.35788525766,79335.40219488234,66024.08412098946
79995.35788525766,79415.20940102407,64790.20380635511
79995.35788525766,79347.28518302304,67347.90912792912
80059.43139894247,79429.63381353936,64363.65841233586
80059.43139894247,79307.939830146,55888.89663227711
80091.52052980689,79494.98087937255,64864.454756127176
80091.52052980689,79507.77193966605,69690.66321474133
80091.52052980689,79492.54621749598,64932.48291199722
80209.82871643813,79521.23405638893,66827.19570688695
80209.82871643813,79391.39658616984,66144.83815873959
80209.82871643813,79314.87700098989,55621.02259446573
80209.82871643813,79115.27008687686,55920.985763141536
80209.82871643813,78816.74570114221,59975.032763202005
80209.82871643813,79403.04662162239,67771.26134024622
80255.85273664838,79668.42904469222,68666.67692095293
80255.85273664838,79578.6003383411,64286.74599169631
80310.20719594878,79631.08452684735,56050.21645639891
80356.23121615902,79713.99513389857,65805.556144334
80356.23121615902,79732.7772656888,60021.05678341225
80356.23121615902,79725.53804017583,64436.00419117511
80356.23121615902,79747.50821015085,61874.868518721036
80426.20549107416,79772.91480785851,67075.49385652768
80554.49894390913,79676.31325965578,66369.7595328475
80554.49894390913,79306.46216873892,68820.77819400128
80554.49894390913,78593.89119539499,70137.48931366677
80554.49894390913,77748.3684629981,65217.125951157715
80554.49894390913,77274.5848699552,53359.127991794565
80554.49894390913,77170.39959913466,64078.43489648735
80554.49894390913,77117.49815040699,65274.071967546064
80554.49894390913,77218.82789445593,56831.97408637827
80554.49894390913,77079.47249773922,60824.41952880722
80554.49894390913,77213.78620534859,66889.8257320444
80554.49894390913,77045.04129488593,60327.49996599342
80554.49894390913,76973.79069181277,67424.67047994063
80554.49894390913,77125.58351220706,63306.13744051761
80554.49894390913,76995.54714008758,63306.13744051761
80554.49894390913,76970.88080784547,64063.482319477574
80554.49894390913,77055.53506384135,60027.915024327085
80591.1895983314,76892.06838591503,65274.071967546064
80554.49894390913,77061.50544072024,66234.17520310063
80631.35214235565,77055.82307612499,63941.83936571295
80554.49894390913,77294.11246381617,66109.35742440567
80554.49894390913,77193.58599382195,64555.57095956138
80554.49894390913,77259.21957849708,63685.87809780314
80572.06355558295,76877.4425380877,66248.33030449491
80572.06355558295,77108.20277637722,67163.42242748413
80572.06355558295,77118.65008042278,67526.7120769406
80572.06355558295,76926.59813295148,60940.616969779556
80572.06355558295,77333.1182052793,56480.71891459352
80727.33555883588,77131.1580007775,65254.80480418169
80727.33555883588,77082.48112333093,56480.71891459352
80727.33555883588,77237.87922017368,66237.683695679
80727.33555883588,77294.95967288672,65098.34694730039
80727.33555883588,77162.09420572977,56480.71891459352
80727.33555883588,77415.38007229894,65840.00597203214
81032.34725427479,77216.87815972429,65311.102261499465
81032.34725427479,77159.6270208977,59137.507908164895
81032.34725427479,76990.60384770567,60705.66888022104
81032.34725427479,76754.80781860926,64728.40757448813
81032.34725427479,76130.2483123792,58590.465082792834
81032.34725427479,76423.90212307285,60320.42323808691
81032.34725427479,77263.38427091549,66316.62571732386
