Najlepsze,Srednie,Najgorsze
46909.38980711744,18781.29226175184,-52775.18558130742
49592.64547256199,26825.65241442069,-15641.255069156701
49592.64547256199,28310.053527767515,-16455.092694793377
51534.22315323362,31452.64110452472,-12913.264603955322
51534.22315323362,36768.49233487092,-5819.192610814192
53028.50496085989,45491.98001181811,734.7553101847589
53333.871113815636,48592.073572107416,16209.58068920055
54349.882748704156,50030.98783012167,19129.247445638975
56716.450681543465,52187.08005567291,35323.908447845715
57621.13484498893,53232.643673554085,38432.300487436594
57827.171479362725,54486.07202267134,41161.03400500842
58711.3515462212,55544.086933979925,44340.28809516436
59006.349773571776,56220.20985414494,37883.271047156035
60193.668994569336,56755.40478635508,40648.96955741454
61407.96391130224,57283.86968612193,40588.34550070929
61407.96391130224,57535.271140666686,42765.179909682745
62493.21195370623,58443.60608662168,34477.727565773595
62493.21195370623,58911.86611886661,38727.7770428433
63979.427614898224,59740.35991080604,40398.824660421946
63979.427614898224,60313.6011825738,40838.74049623591
64639.77687061307,60404.03302128311,46871.760960033855
64639.77687061307,60296.89878352618,42560.817418872946
66203.06726062784,61211.280560317384,41346.839008157986
65779.29636914481,61421.691421802134,44981.33893001061
66195.71310027357,62681.35374667388,38482.20196022056
68091.06163926452,64095.616547695325,40995.75734120285
68331.37793251837,65351.35391732595,49553.40311287446
68091.06163926452,65356.50334315026,53272.45475912953
68091.06163926452,65398.89253513583,50430.48554782888
68529.5527018859,65462.00205841996,51596.365164682036
68645.61975940582,67100.36716197786,55867.96934516615
68936.68117190419,66060.66815467092,50130.00420186151
69508.5397858182,65699.1150837225,46099.33449647648
69508.5397858182,65653.5015276269,49202.903309321904
69508.5397858182,66402.17111493829,48472.337833301375
69899.47216212479,67080.18641621487,49225.72980026688
69995.3884812561,66657.76149878067,45709.55589929081
70379.67424879865,67636.97081320311,51992.452984383635
70521.24797360446,68378.54948691945,48655.631885223054
71026.4814298506,68745.57662167388,53045.77345054051
71265.0779165508,69598.25063488445,54631.51485095142
71469.61127193396,70177.20248540744,61186.68600121908
71545.36625072053,70298.63642981031,55004.26325655979
72237.13167697286,69811.70333371208,60839.62054664571
72266.42056546579,69424.41845403638,54895.06073361662
72739.0963139104,70368.4949576069,59084.10705102619
72739.0963139104,70811.32245246417,59858.320302223976
72984.6200311707,70981.19918357526,55185.44450702967
73171.5993949341,71624.02185462331,49304.79187031611
73541.23512722421,71890.86005400665,52531.388734844084
73859.70933974917,71101.07961447774,47026.778958051524
74028.75453668198,71510.45776469287,55782.8755015434
74162.06636441575,72723.44526060684,58304.004208685015
74440.49296324381,73257.76867430245,61608.459303417374
74665.79417570705,73128.36301307926,58261.526224446716
74665.79417570705,73445.25728621107,58803.77921173692
74741.46506123911,73622.68704899395,56935.38435701229
74755.69356956173,73223.85756135412,60683.10518819552
74879.33622685273,72876.23986558296,51808.11180501495
75070.52632259982,72730.42811233773,54266.89066014504
75070.52632259982,72361.33866692038,54278.872116256345
75110.43586322555,72879.39748086406,54100.292636975355
75285.21010147184,73305.42190883294,57259.335006885776
75357.80913913273,72470.1989647419,60159.3512566826
75423.06219188106,72330.58031529404,58668.45216637145
75713.93059484042,72519.8320951299,60375.2721032969
75811.06535979605,74501.72174517535,59306.021430419045
76213.38139308585,75068.78492901764,60141.55804414003
76213.38139308585,75196.79244158456,64620.4942369685
76719.62622141006,74903.82432861724,63920.41640813263
76827.01462364045,74973.3542078685,56820.573794301934
76986.65863224576,74667.75029379157,57424.89311270776
77331.44577045852,74993.3206598011,57069.76617362959
77640.79096088848,75580.60040789262,54546.89584987831
77929.88521222518,76048.9423745927,59596.849779739845
78114.82138527631,75759.98367484662,56181.60196980874
78278.76133482964,75392.31828588597,54857.435137876004
78314.81390960832,75913.03921503213,58397.095903950976
78548.23133550849,77069.26979951418,63186.06435840846
78778.12490139673,77591.8080898752,65115.20418606753
78778.12490139673,77641.68830309635,56243.18815768301
78971.88139201268,77495.21110435821,56279.89863981823
79011.51281493808,77361.07559777846,56552.43648016994
79011.51281493808,77265.52416499286,63069.16580531175
79237.36909735246,77869.81418284454,56764.62235762494
79237.36909735246,78436.42132156943,61979.10188101919
79502.65175481429,78557.03832237402,62224.56224582168
79510.32972538337,78439.11883260333,60722.06907822679
79582.01889560613,78513.50099622076,64547.01130341312
79582.01889560613,78260.46900802998,57442.50312638199
79829.92148840876,78793.34609350578,65981.27018911204
80016.85530803798,78651.30871944054,68100.7905655087
79976.0316177889,78354.93240972643,57617.57812988653
79976.0316177889,78924.24576148737,63499.616740095764
80073.24443436702,79331.99764930639,58248.23240951911
80073.24443436702,79429.72121197882,62832.35466947958
80254.88073501851,79400.43634669838,58248.23240951911
80254.88073501851,79308.93743962978,62391.52300633412
80352.48284767057,79176.29229946694,61699.37951398529
80352.48284767057,78823.3548190427,57850.12919411955
80352.48284767057,78231.40393673883,61747.57856695485
80455.62731469603,77713.9045660499,62298.497182461426
80455.62731469603,76822.08251756498,58452.75638988396
80455.62731469603,77127.14481105281,61299.88385094839
80455.62731469603,77249.45244601434,63425.73890555747
80515.25005323267,77198.61015896063,64812.78226700771
80515.25005323267,77246.76502297123,65528.21420282581
80515.25005323267,77377.73356563399,63636.66177468705
80515.25005323267,79298.81017180186,63452.53851091312
80720.30575474344,78675.07755481693,66248.74567004625
80720.30575474344,77627.99595355234,61458.87650862231
80829.81596217387,77317.92196326995,56956.159978388234
80829.81596217387,78955.29680025452,61481.191946721796
80829.81596217387,78426.76538335193,64369.543441217684
80935.09797896216,78328.19116828433,63374.05390777519
80857.07266640264,78584.16088613486,66119.42980776979
80857.07266640264,78234.7842172573,55724.13044352298
80904.44852028557,78193.94695794418,61501.733076193574
81252.51284788658,78444.33666526384,58637.31496753499
81252.51284788658,79975.664504457,55392.09754785928
81252.51284788658,80140.58622723984,68431.25103333534
81252.51284788658,80326.30752457444,67110.76307270346
81385.11207163769,80203.41826322836,61934.39326984322
81385.11207163769,79884.49986276841,65749.251779443
81385.11207163769,79980.50196433296,62298.24008310182
81392.5796257933,79998.28289739246,60365.3156704577
81392.5796257933,80046.58950624982,61902.98763516586
81392.5796257933,80121.82738578571,60308.09210553031
81620.6938015737,80122.15042414308,57421.48874089275
81620.6938015737,79930.25552091424,66067.4563379921
81620.6938015737,79771.70908521205,68192.72401836049
81648.72577577466,78823.5809200078,57421.48874089275
81648.72577577466,78136.18611135328,64785.83675495306
81648.72577577466,77981.34320594421,60280.01474658774
81648.72577577466,78629.88859500615,62371.57468716818
81648.72577577466,79642.41863120138,56805.2426130038
81667.53758012917,80307.15693643854,65896.05443666267
81648.72577577466,80304.23018033769,60719.91612614384
82218.0298519133,80548.54843285872,70803.87358154941
82218.0298519133,80529.83678983306,69806.8409448563
82218.0298519133,80425.08875413823,62961.60604005022
82218.0298519133,80251.78086208757,62971.52718631075
82218.0298519133,80131.12432269685,67861.87355935297
82218.0298519133,79645.3886148552,64679.89095367857
82218.0298519133,79157.07255862442,62471.1203944751
82218.0298519133,78555.97944364612,58915.41080154125
82473.11121620255,78341.42950896641,59738.443897813115
82473.11121620255,78178.58524123588,56660.351239050055
82473.11121620255,78000.98605212323,64587.95969313206
82473.11121620255,77920.17858671446,63558.94209038981
82473.11121620255,77854.18172388489,61924.80910707522
82473.11121620255,77845.91654221465,61924.80910707522
82473.11121620255,77975.57553201601,54686.65507569285
82473.11121620255,78034.82080901912,59781.71597523867
82473.11121620255,77974.56822853789,63693.7948202713
82473.11121620255,77987.80749756118,58196.834810904555
82473.11121620255,78271.58688254042,55866.76753619345
82539.3903706129,78276.48244181131,58196.834810904555
82539.3903706129,78223.78043455929,63695.846638443036
82539.3903706129,78210.58295643154,60848.519071218056
82539.3903706129,78001.86321087267,55866.76753619345
82539.3903706129,78106.48803906118,59128.50022591757
82539.3903706129,78012.71761102726,59954.52176013163
82551.7549322042,77884.25299207294,59326.67727491687
82539.3903706129,77649.67318324807,60052.78613657274
82745.77135239985,77665.21383696214,62744.21083204958
82745.77135239985,77934.4030470979,56868.9893821149
82745.77135239985,77678.74015763383,68140.06250594638
82745.77135239985,77734.15716309553,62488.82532921232
82745.77135239985,77756.43034569678,59387.92565551804
82745.77135239985,77584.74897233257,59882.58326618234
82745.77135239985,77720.2031330687,57400.007875696116
82745.77135239985,77697.4009606358,63544.75510833993
82773.80332660081,77806.75203111392,62937.73705912184
82745.77135239985,77721.9178391513,55437.59692355966
82800.26942407941,77742.38426816244,62389.33972173103
82800.26942407941,77791.12219729429,60095.65971120405
82800.26942407941,77877.63513474823,59387.92565551804
82800.26942407941,77902.97653880669,65314.366925176684
82800.26942407941,77588.54288660565,61112.991435473865
82800.26942407941,77825.1461769934,64527.55994680431
82800.26942407941,77740.98841076657,57106.84633460808
82800.26942407941,77899.67869734275,63933.100618252094
82915.52590601475,77907.101306459,57752.55072788474
82915.52590601475,77962.63642242645,59338.58148803379
82915.52590601475,77743.2618013832,64922.79677568439
82915.52590601475,77910.2671389072,61997.11872132586
82915.52590601475,77546.244278111,57319.497879823975
82915.52590601475,77675.65529085929,58923.28848186534
82915.52590601475,77913.63013696118,65058.94875046057
82915.52590601475,77595.89222080311,60189.03435398113
82915.52590601475,77764.12582083374,57788.539118191606
82915.52590601475,78021.28946089357,64703.0147442781
83004.04440784201,78044.82570190552,56789.47243525942
83004.04440784201,78015.11451597896,59993.35195777088
83004.04440784201,78139.16872410089,61277.55138257217
83004.04440784201,77826.17857279393,57788.539118191606
83004.04440784201,77834.71018988646,55078.16955789138
83017.77907528561,77796.39125848454,61844.04797147567
83017.77907528561,78017.83595157397,61308.59842341307
