Najlepsze,Srednie,Najgorsze
44038.547688517436,19315.704040937984,-21710.236476457765
48217.4354664527,26769.925538817293,-11361.24602678098
48918.76321220413,29386.602419027164,-12288.04591449714
52100.987772640394,31419.679503241117,-9303.060773720747
54570.84273718438,35939.11408865988,-9303.060773720747
54570.84273718438,39911.116667386945,-569.7711392935307
57624.81775179006,45168.39463241392,14150.648388294343
58996.87010064102,48977.12044942581,15813.14838549911
59594.07349275787,53397.35731488966,24647.403353720118
61499.285818271,54616.712729519626,37536.144945913096
62686.04022456016,57073.205871634476,39348.9718063258
64101.54901994337,60452.76397418638,42364.11307443057
64355.17471353326,61292.55916549523,47759.01869645093
66178.2689228945,62207.05807378842,42712.72837126037
66786.86331973462,63163.43993723241,49253.58406046667
67738.57064915185,63853.73392439985,48535.857484326174
68209.67070929859,64152.11586937675,47445.64068565839
68555.13680728627,65438.74207100568,47329.67189496184
69579.21615764963,66530.97000097865,50942.35980565108
69704.90510180936,66403.12444060453,44814.40312192423
70649.3151451992,67242.70944619313,46530.27280787631
71012.07863023973,68523.19083524239,46439.72520419636
71599.10807919694,67424.48307198666,48079.147366421465
71716.80285151959,67941.19883491828,52718.25587912608
72185.16066944311,69803.60348393465,57288.766914281965
72382.08414276496,70687.7165721121,47276.6949102937
73471.22536416375,70830.00753957614,55410.73251125028
73471.22536416375,70951.85056643342,49718.84425540597
73478.58392969197,70928.15330030386,51981.588698615145
73541.19357266926,70012.14883446899,47244.74623727191
74236.87865679666,69562.27279068786,49867.19758915496
74236.87865679666,70519.83086873833,54158.36174792601
74639.78488807236,68971.8245305222,46478.844440601424
74639.78488807236,69059.66678529115,53821.28215248338
75208.21663026404,68910.74948400345,44729.27405840496
75208.21663026404,70992.42949424089,48331.62653500934
75260.08964511935,72920.2496301608,56495.23971863166
75569.44563828508,71128.96264697633,55332.66083782278
75569.44563828508,70433.43986223816,48463.87759922228
75725.75500440609,71757.80683883591,55969.82603379857
75893.33524232268,73084.7001491121,53167.74175446174
76158.6159782497,74805.31967752012,52103.1545547365
76257.24471078478,74636.18815203635,52573.055115785384
76510.94373443248,74511.98146210249,55575.28310476373
76648.22436814221,74175.60859383737,53236.99132232191
76931.85456238493,74999.54710321994,61130.87526868834
77148.8888511651,75673.96444568379,62661.14129279254
77148.8888511651,75896.67647762406,56515.632147149096
77263.08293986498,75986.64190452815,59575.623432505614
77687.69099610462,74859.64977683236,60740.320722384626
77725.79599753334,73925.39923510455,58742.87346039255
78041.91981347158,75662.7810351915,59051.979235705716
78041.91981347158,76274.07666426968,53183.47994324196
78164.65024902274,76711.3626679303,60142.34064194408
78263.859863137,76752.9525934401,54726.770528682304
78355.98781668117,77400.54341169854,57812.586024445816
78478.71825223233,77171.79937049272,55203.515466785444
78501.99896499315,77138.91204363115,58739.52319979807
78595.14922307216,76502.11384323535,58592.352525876086
78595.14922307216,76615.3944150637,64395.56529015262
78606.92473832978,76903.85856844911,60805.79638526378
78612.20694986032,77102.7712991952,55289.379484479316
78751.58042784822,77997.36310324985,60853.27152421647
78763.35594310582,77408.68397441453,61507.09627844835
79291.1675408642,77053.12914038368,55558.26120320417
79291.1675408642,77029.5723108638,63475.52597980144
79291.1675408642,77711.65537454278,58580.55567457287
79291.1675408642,77123.25010177297,61747.75591628822
79291.1675408642,77165.6750479375,63902.65001348122
79826.56828727813,76554.81087150855,54834.56227961717
79826.56828727813,75008.01131573813,52047.20006001875
79826.56828727813,73929.33429284074,57377.662399174355
79826.56828727813,73579.95274770787,59504.739513119945
79826.56828727813,73915.54881368477,61347.03236732767
79881.47541177187,73496.74969132387,57032.84208029164
80020.79097740003,73621.57616443252,57945.795332780384
80020.79097740003,73842.3134446695,57697.465268080785
80020.79097740003,73830.96476287473,55955.45043418436
80020.79097740003,73143.37906823678,57391.65102802177
80020.79097740003,72385.02498149303,43658.295595151256
80300.55381443596,71312.63363988852,52818.15058940146
80300.55381443596,71654.27951810297,42563.7592363881
80300.55381443596,71459.06893962953,51410.32251262198
80300.55381443596,71523.01030661816,43546.78780171269
80300.55381443596,72507.336299923,50414.464600950465
80300.55381443596,72104.53093112982,53099.09689909067
80300.55381443596,72206.07479223506,56220.33137638092
80300.55381443596,71169.47153732032,47052.60947171441
80300.55381443596,72732.80381741608,37496.254250925136
80354.65686211262,73763.22470390338,50710.13743425645
80354.65686211262,74033.63874354483,47765.23717559606
80358.37140415932,74169.7638015275,59914.3829036386
80654.521058718,74314.61944919583,58001.60689670917
80654.521058718,74098.81801970313,56341.16422591298
80654.521058718,73576.7853874607,59593.34855099381
80654.521058718,72187.32916191961,50815.778060775
80654.521058718,72211.90622942588,42361.78178830954
80654.521058718,71777.95357235824,53766.82640829787
80687.32756026345,71693.36678501133,47090.47860736196
80829.38602485412,72296.70573259136,48221.64191125885
80829.38602485412,74108.05394350912,55757.726753903866
80687.32756026345,74739.35889163347,56666.8286636732
80687.32756026345,74734.67289622713,58380.93727285645
80754.14688427755,75006.2527967667,58394.24740914463
80843.8103520832,74883.91703361023,61022.40302798585
80843.8103520832,75066.79190532964,61210.15896728599
80906.94039028416,74805.56126200737,56705.03158007713
80906.94039028416,75063.38296019903,56705.03158007713
80942.52802886571,74984.89464330942,58489.20637661882
80942.52802886571,75004.60843418082,60378.38785592935
80942.52802886571,74530.78471452395,61729.52724173704
80942.52802886571,74756.81138369342,60699.648439156976
80942.52802886571,74940.4288818091,60708.028322260885
80942.52802886571,74878.65003935677,61398.5505793467
80942.52802886571,74791.05422605867,56725.95368227975
81161.53837210243,74695.81742892352,56842.92666446559
81161.53837210243,74765.4021955322,62354.96606680259
81161.53837210243,74931.03058763145,58103.403470141246
81161.53837210243,75026.30744386918,60809.7393250313
81161.53837210243,74976.40952158345,60693.70164101183
81161.53837210243,75020.62761052327,56427.35344685695
81161.53837210243,75159.27256684602,58684.274214112855
81402.44530582555,75669.15075442649,61390.27871769851
81402.44530582555,75282.50869744537,62474.980120093336
81402.44530582555,75255.65921986337,61108.31701834206
81402.44530582555,75405.63279291103,59307.655164188014
81402.44530582555,75410.7367245656,58371.84354018775
81402.44530582555,75362.8407896392,58404.56586959688
81402.44530582555,75502.87171064128,56407.581106892954
81486.70568810345,75533.5629388969,60133.23757222635
81486.70568810345,75739.78170213586,65106.281953885045
81486.70568810345,75278.79524830183,61948.79301672828
81486.70568810345,75535.74049687905,58563.320747101076
81486.70568810345,75395.08559027019,60748.843675401
81486.70568810345,75305.15989416314,61040.11040922898
81563.7671105541,75075.92024192607,56090.649478383995
81563.7671105541,75464.00239888222,59101.624331185725
81563.7671105541,75647.85271634976,57588.7365427693
81580.78818360607,75845.7689837112,58646.000792836254
81641.42333215216,75417.84652853309,54801.332725891494
81641.42333215216,74947.37821385944,54801.332725891494
81641.42333215216,74403.10066996825,60285.46716067567
81641.42333215216,74895.4713737417,56795.85394318321
81648.02749283201,75049.53608419579,58719.41791061902
81648.02749283201,74955.84896985086,59104.23206506522
81722.89634485004,75092.5305592652,56618.46098072721
81722.95037752185,75453.02950120503,57588.7365427693
81722.95037752185,75362.83243584807,57616.94589832455
81722.95037752185,75391.90251155673,56988.10127758942
81722.95037752185,75177.6471209805,61376.30931963802
81722.95037752185,74767.04924755868,60395.77322205043
81788.37209031379,74654.63054144087,56176.53015269659
81788.37209031379,74709.65161681635,60746.28609582869
81788.37209031379,74738.42832461104,59195.85734744343
81788.37209031379,75452.99090677388,62332.14320117182
81845.40576016747,75553.81609114306,57791.2709319213
81845.40576016747,75933.05777320011,61906.40123380302
81845.40576016747,76002.76512866058,59256.52696250066
81845.40576016747,76031.04258493664,58790.79961237775
81858.5544961222,76135.58719258066,62173.45728535079
81858.5544961222,75604.02745810483,58790.79961237775
81858.5544961222,75721.520620521,62754.988640444455
81858.5544961222,75770.14837851268,61527.8437967831
81858.5544961222,75660.88568416104,63214.571108273434
81937.16714743452,74991.38446978672,56765.23177306456
81937.16714743452,74496.7171317564,61910.920041338635
81937.16714743452,74938.89620308674,57474.80377902653
81937.16714743452,75380.50906843645,58464.43279546248
82039.04452340094,75908.93490675093,60483.02534801634
82039.04452340094,75840.43363859989,60985.66297501611
82039.04452340094,75675.87755358918,59288.315205809886
82051.72678781286,75252.73314006232,57458.116205299084
82051.72678781286,75234.41416307044,56283.15952547399
82104.32203987557,74909.41125105675,61625.97330387886
82051.72678781286,75264.1828434444,53031.24929127653
82051.72678781286,75898.76284889123,57713.409117964875
82099.46107062443,76313.89195370798,60681.42010358289
82099.46107062443,76271.46498110163,59570.96690434811
82099.46107062443,76240.2513895163,59393.329871140406
82099.46107062443,76269.0809795924,59369.34547229288
82099.46107062443,76185.38355851523,60681.42010358289
82099.46107062443,76144.75446428901,66376.9439122964
82099.46107062443,76103.19467917939,57523.81729097102
82099.46107062443,76165.94395210595,65591.72599574333
82250.07165810408,76505.02158902513,59634.17016796692
82250.07165810408,76383.17322182424,57766.422043163766
82250.07165810408,76624.70450729107,57766.422043163766
82250.07165810408,76509.84616830069,57766.422043163766
82290.55367082311,76281.78880361284,59280.86573062937
82250.07165810408,76299.84159104203,59420.839915726145
82250.07165810408,76104.87243603476,57930.455706525565
82250.07165810408,76371.22330802344,59542.07922568429
82250.07165810408,76601.6199685485,64789.85127134719
82250.07165810408,76513.80344070567,65128.91077265865
82250.07165810408,76469.36752502818,65751.80934415985
82250.07165810408,76470.54156840521,62052.947415736264
82250.07165810408,76660.33528483138,59314.63924247592
82250.07165810408,76601.06476863941,64532.5610880371
82250.07165810408,76340.89547590706,59791.119538065526
82250.07165810408,76458.50401989423,64315.65141009706
82250.07165810408,76477.61452206734,59791.119538065526
82250.07165810408,76712.6401710373,61849.29161109921
82276.77331411731,76628.6553769738,60882.568461187526
82276.77331411731,76607.6197527857,62141.32401095103
82276.77331411731,76739.50139095358,61380.143823255064
82276.77331411731,76612.07496818682,57930.455706525565
82322.15581962373,76680.54817774294,59582.016463992564
82276.77331411731,76533.71199736708,61699.00199583051
82276.77331411731,76690.57468742925,62537.530687057806
82276.77331411731,76481.50961487873,62101.46153980667
82321.66748537388,76779.86849501242,59676.16391394622
82360.00816614264,76675.89710833982,58516.70446082056
82321.66748537388,76625.52911938014,62101.46153980667
82321.66748537388,76311.5663634572,59418.309270258746
82321.66748537388,76480.80370293048,55701.60820532005
82321.66748537388,76793.32486247378,59609.952840962986
82321.66748537388,76592.59547843081,58011.18154968226
82321.66748537388,76689.20916066086,61749.82860546145
82321.66748537388,76602.55589477714,60968.970485219004
82321.66748537388,76418.3276146936,62316.92897933202
82321.66748537388,76605.78737158401,60572.67594372179
82331.17883355681,76483.1370976019,60968.970485219004
82333.62578993084,76728.54623460848,59659.05039433563
82612.04986930368,76594.22600655873,63187.99454498589
82612.04986930368,76107.34502636042,57131.61655791823
82612.04986930368,76564.47084660284,59659.05039433563
82612.04986930368,76917.84546459142,64654.07981396555
82612.04986930368,76457.60332309055,62110.74047738427
82612.04986930368,76843.36462864562,59800.82620616703
82612.04986930368,76889.85713723177,59709.59999388723
82612.04986930368,77235.02437033934,62088.64047507095
82612.04986930368,77090.50630108117,59793.88703966583
82612.04986930368,76513.38317009274,58574.924193678824
82612.04986930368,76865.64609155414,62464.891205698346
82612.04986930368,76580.1051990404,59793.88703966583
82612.04986930368,76848.18135236681,56855.60211072994
82612.04986930368,76748.5163529966,59709.59999388723
82612.04986930368,76870.36083798898,60025.16452379089
82624.00817386064,76858.74150357842,58349.993419291764
82624.00817386064,76936.11816408367,59709.59999388723
82624.00817386064,76848.32866781544,58349.993419291764
82624.00817386064,76853.55297698545,58386.92729634373
82624.00817386064,76915.41771475437,59944.3445970177
82624.00817386064,76541.66089822729,59995.81750576806
82624.00817386064,76861.58259237898,63229.435977051005
82624.00817386064,76876.38346727361,59721.97584998078
82691.70516663158,76698.96499492183,60713.717211313575
82624.00817386064,77229.99070706425,59022.70479134536
82624.00817386064,76885.97055694461,62665.19076464576
82624.00817386064,76779.15266107462,61293.87645944937
82624.00817386064,76969.98342854257,61824.356150596774
82624.00817386064,76825.92484407588,60037.35300339771
82691.70516663158,76971.13322641046,59721.97584998078
82691.70516663158,76727.91519046552,64997.55528310208
82691.70516663158,76597.89990296787,59995.81750576806
82735.62513795913,76712.63198053208,62939.99423575354
82691.70516663158,76741.24337472116,62567.06373705694
82745.8386686437,76743.63004008176,65659.21540147679
82745.8386686437,76986.26502179384,64500.151452798826
82745.8386686437,77143.0050464465,60003.35209914681
82745.8386686437,77055.26334201147,60127.27465772604
82745.8386686437,76902.76158142205,58727.21994423064
82745.8386686437,77281.10929257756,58566.73887109581
82745.8386686437,76980.44613300363,61951.3495045888
82745.8386686437,76877.34542899778,59837.56897571375
82745.8386686437,76924.97787303607,66617.15981876195
82745.8386686437,77002.98834384127,64594.06634739104
82745.8386686437,76794.06770317414,58489.026220718035
82745.8386686437,77112.10405313209,59837.56897571375
82756.11974008007,76928.14926691151,60315.94135056054
82756.11974008007,77016.35387614791,60141.65569569768
82756.11974008007,76948.0698713828,62791.12832874147
82756.11974008007,76997.77758321894,60629.46097738505
82756.11974008007,76938.17042330498,62374.11342359422
82756.11974008007,76661.67651239988,58094.728880163486
82761.87582920848,77192.49711851562,65010.84289915406
82761.87582920848,76850.57866855235,58489.026220718035
82761.87582920848,76747.2801493379,59932.97117292219
82813.53566141464,77201.19756688764,64586.96632015412
82839.3545921054,77055.55973580506,64959.3463368044
82839.3545921054,77022.96108244269,61667.40094233321
82839.3545921054,77037.42215625664,60157.04178009939
82907.05158487635,77175.12660755878,62593.92562957588
82907.05158487635,77159.36291062394,61964.25972703596
82907.05158487635,77233.53650022623,60330.789769167735
82907.05158487635,77271.8059230291,58702.39117104608
82907.05158487635,76969.30407189747,60028.4207356835
82907.05158487635,76930.39700585435,64684.12544271073
82907.05158487635,76880.79507148374,60028.4207356835
82907.05158487635,77049.02444492585,64581.587832944846
82907.05158487635,77131.90709276096,62505.487225340636
82907.05158487635,77052.16595958977,54707.0787722363
82907.05158487635,77193.6866620991,59473.18238704569
82907.05158487635,77264.71816529306,58788.237740723285
82907.05158487635,77255.71171275926,61449.5798245227
82908.52380142556,77037.57571728024,64303.66577345137
82908.52380142556,77207.36777305296,61531.35446007937
82908.52380142556,77411.87726023408,61451.19079804858
82908.52380142556,76977.01370765014,58948.79357893691
82908.52380142556,76801.08309722535,61653.29182662298
82908.52380142556,76958.35706471192,61653.29182662298
82908.52380142556,77064.94041206257,65467.085446253586
82908.52380142556,77167.71164645156,63110.543774313875
82908.52380142556,77254.19366715607,64303.62357752063
82908.52380142556,76981.0948722077,61448.66179581787
82908.52380142556,77146.52758094583,58787.39672903645
82908.52380142556,76866.76181307613,63342.89017589398
82908.52380142556,76991.78073435507,60950.79270866558
82908.52380142556,77231.32676097674,56379.64992208789
82908.52380142556,77307.43688687762,59920.5439765613
82908.52380142556,77098.69201344397,59473.10867856328
82908.52380142556,77072.73770340497,58787.39672903645
82908.52380142556,76882.95640526344,62419.95157559787
82908.52380142556,77031.51687222619,64359.72660686971
82908.52380142556,77356.79670413537,65558.30275227097
82908.52380142556,77210.56747508612,61448.66179581787
82908.52380142556,76910.71633796429,60374.349094158475
82908.52380142556,77077.42017947405,62502.848753103855
82908.52380142556,76978.49709503796,63179.91909721457
82908.52380142556,77111.37331951105,59638.62278495629
82908.52380142556,77205.99576003816,54659.29552632614
82908.52380142556,77286.61070000696,63161.8961739434
82908.52380142556,77154.55809597671,58986.81901961588
82908.52380142556,76928.00896924155,60084.46576110189
82908.52380142556,77075.50213657964,67300.78810408633
82908.52380142556,77249.62695732707,63175.50421305396
82908.52380142556,77256.16358426063,59473.10867856328
82908.52380142556,77375.34944620919,64720.85421756646
82912.80767400475,77070.15714107918,60374.349094158475
82912.80767400475,77009.90706274178,59473.10867856328
82912.80767400475,77025.6750216371,61448.66179581787
82912.80767400475,77099.70972216268,60374.349094158475
82912.80767400475,77055.15810873847,58787.39672903645
82912.80767400475,77226.0787972268,61531.28075159696
82912.80767400475,77172.39338024239,58787.39672903645
82912.80767400475,77336.22828673267,65884.64601310072
82912.80767400475,77170.67005167976,59477.46370920578
82912.80767400475,77161.3975955588,58785.03259534276
82912.80767400475,76950.4844439592,58512.88425308782
82912.80767400475,77194.25771657507,58991.20749731782
82912.80767400475,76938.92198740099,58991.20749731782
82912.80767400475,77128.77920187463,63347.27743760283
82912.80767400475,77076.84857647335,60378.67322320994
82912.80767400475,77099.11359782972,58791.78399074531
82912.80767400475,76989.24856584554,58791.78399074531
82912.80767400475,77298.87711447773,58791.78399074531
82912.80767400475,77377.34288557213,64371.69196109067
82912.80767400475,77217.68289695053,62507.26757548437
82912.80767400475,77352.3446637533,62509.03347536266
82912.80767400475,77215.51818147184,61453.11363613165
82912.80767400475,76772.58671961598,59477.46370920578
82912.80767400475,76963.76333049886,60088.82151021095
82912.80767400475,77202.13103336321,64462.503155503735
82912.80767400475,77147.06898825866,58791.78399074531
82912.80767400475,77140.86854158869,58791.78399074531
82912.80767400475,77573.43402937701,65570.85222140001
82912.80767400475,76914.4797310905,64163.48869985272
82912.80767400475,76843.97593722612,61453.11363613165
82912.80767400475,77088.99198006812,60378.67322320994
82912.80767400475,77346.61346702004,59477.46370920578
82912.80767400475,76907.79044023567,61657.64671356558
82912.80767400475,77427.59599942168,61216.45967294994
82912.80767400475,77181.85822601186,58991.20749731782
82912.80767400475,76989.89901549912,66547.73704709543
82912.80767400475,77084.06124848439,58952.31118670021
82912.80767400475,77121.72473953872,55114.40413166875
82912.80767400475,77147.72799935874,58991.20749731782
82912.80767400475,77271.73983425209,61453.11363613165
82912.80767400475,77384.96977196874,56659.31750017386
82912.80767400475,76961.99429160934,59477.46370920578
82912.80767400475,76912.81184567139,59100.19354883916
82912.80767400475,76840.60823491051,60057.89767701692
82988.52343713542,77238.5466307532,63536.92182414436
82988.52343713542,77154.48685322244,63607.53021228853
82988.52343713542,77211.558172692,61657.64671356558
82988.52343713542,77338.33576547712,65729.50513974551
82988.52343713542,77223.82896531091,60227.12622985018
82988.52343713542,77233.94000890372,63347.27743760283
82988.52343713542,77077.13873124926,64676.8297313214
82988.52343713542,77045.86776608517,65389.323446535236
82988.52343713542,77073.78514190836,57796.35179802603
82988.52343713542,77249.33382357693,59582.4999107623
83010.77843762298,77149.71318358472,62420.898689956935
83010.77843762298,77237.76789800306,61372.02494295658
83010.77843762298,77038.39184143442,60194.21416618545
83010.77843762298,77187.04445204022,59075.5958418816
83010.77843762298,77267.26727362451,61372.02494295658
83010.77843762298,77512.02882163944,59313.28259440273
83010.77843762298,77113.12378517783,57736.17889528579
83010.77843762298,77434.88019157252,59114.49215249921
83010.77843762298,77314.20941296428,60469.630510861214
83010.77843762298,77182.76421365763,59150.74008904283
83081.00743850479,77520.92690226629,58659.58042630591
83081.00743850479,77153.12315838729,61451.20309035124
83081.00743850479,76922.8033066972,64065.48687375037
83110.43759466833,77141.76765449489,56145.36327971856
83110.43759466833,77178.94227201243,64809.65210443673
83110.43759466833,77406.85879556192,61451.20309035124
83110.43759466833,76861.60865925846,59227.530609677015
83110.43759466833,76918.6130494895,64650.393958999644
83110.43759466833,77363.11699837742,60598.998413246525
83110.43759466833,77697.53105742227,61898.31187636887
83110.43759466833,77140.50460506597,59257.861050363026
83110.43759466833,77452.97985317213,59718.23103514148
83110.43759466833,77490.06863622018,60598.998413246525
83110.43759466833,77248.2401531544,64638.345514135886
83110.43759466833,76992.99408540316,65139.38991204229
83110.43759466833,77104.24420395619,61746.24637132458
83174.6919846998,77516.9705671636,60453.94119727846
83174.6919846998,77466.17805205769,57843.208047391
83174.6919846998,77190.41046932213,61825.28074528541
83174.6919846998,77409.5437064614,62390.99021842318
83174.6919846998,77392.5432971626,63432.938204690545
83174.6919846998,77197.06876546984,64587.11033978886
83174.6919846998,77649.81493579765,56242.95705544308
83174.6919846998,77657.58440954593,59218.964739745425
83174.6919846998,77112.18257110544,59333.66981730833
83174.6919846998,77442.0449065333,59333.66981730833
83174.6919846998,77562.9641148112,60667.283502775084
83174.6919846998,77591.78180148867,60401.89698301367
83174.6919846998,77676.36539498717,63614.61269162558
83174.6919846998,77523.01945990595,59333.66981730833
83174.6919846998,77458.5643196463,63508.74697163585
83174.6919846998,77391.18782646846,61622.346221636624
83174.6919846998,77637.58906368435,67088.26019257907
83174.6919846998,77274.51096469891,65400.95759932694
83174.6919846998,77357.68130819297,61622.346221636624
83174.6919846998,77339.54026658883,62013.858386087486
83174.6919846998,77396.81148923439,58804.05126224329
83174.6919846998,77148.49081486203,59520.3214300152
83174.6919846998,77211.59618932147,64731.56503148038
83174.6919846998,77450.04054085001,64449.473627528714
83174.6919846998,77710.44223353777,59520.3214300152
83174.6919846998,77610.04265344457,59333.66981730833
83174.6919846998,77216.02490240919,59294.77350669072
83174.6919846998,77279.72699033207,60667.283502775084
83174.6919846998,77489.4312838317,60401.89698301367
83174.6919846998,77448.74083228232,64429.987567150216
83174.6919846998,77223.17958760471,60667.283502775084
83174.6919846998,77438.42702543765,57217.52172397876
83174.6919846998,77519.78211435924,59333.66981730833
83174.6919846998,77506.86328091743,57918.86009235243
83174.6919846998,77178.23165610453,63039.35755951963
83174.6919846998,77244.79476795635,62500.65497692063
83174.6919846998,77139.61616696068,59095.09972231876
83174.6919846998,77458.02982813252,64449.473627528714
83174.6919846998,77709.51947631293,59333.66981730833
83174.6919846998,77437.64267417375,65587.13353267148
83174.6919846998,77253.24254412753,60667.283502775084
83174.6919846998,77337.04596728699,59187.93089021605
83174.6919846998,77387.51341495922,65862.26866882759
83174.6919846998,77269.59833765407,64914.55638367251
83174.6919846998,77143.64152509393,65400.95759932694
83174.6919846998,77543.80610328916,59789.94377196746
83174.6919846998,77673.0953839476,62756.981786035176
83174.6919846998,77524.0625920582,60667.283502775084
83174.6919846998,77294.86642170681,59789.94377196746
83174.6919846998,77174.45743623465,57918.86009235243
83174.6919846998,77154.13126213454,59789.94377196746
83174.6919846998,77631.09692257937,62464.563066382296
83174.6919846998,77676.02892107786,64468.748261332556
83174.6919846998,77568.19393684059,59294.77350669072
83174.6919846998,77681.57598867406,63333.350072566725
83174.6919846998,77588.20357667703,65144.24957418762
83174.6919846998,77424.33090873812,61534.11783001133
83174.6919846998,77368.02501658993,58014.76368595775
83174.6919846998,77357.32871000037,66177.08869554565
83174.6919846998,77329.36006237904,59520.3214300152
83174.6919846998,77417.82903118602,59333.66981730833
83174.6919846998,77427.99402413504,59520.3214300152
83174.6919846998,77257.60803600555,60667.283502775084
83174.6919846998,77388.5310182143,64587.11033978886
83174.6919846998,77266.37265615202,60667.283502775084
83174.6919846998,77370.3725349085,59789.94377196746
83174.6919846998,77591.0914980913,60667.283502775084
83174.6919846998,77366.04895610538,57918.86009235243
83174.6919846998,77677.39506429048,59333.66981730833
83174.6919846998,77777.14375608273,64731.56503148038
83174.6919846998,77318.10459278728,57918.86009235243
83174.6919846998,77454.40819772873,63454.46846780357
83174.6919846998,77909.58424033501,64449.473627528714
83174.6919846998,77629.6053797507,61848.11584500114
83174.6919846998,77485.86577588135,62540.899918934665
83174.6919846998,77422.60205920342,62756.981786035176
83174.6919846998,77311.15452010628,59294.77350669072
83174.6919846998,77561.16155722825,62568.392761172356
83174.6919846998,77506.4333943394,59520.3214300152
83174.6919846998,77626.96237127636,59333.66981730833
83174.6919846998,77370.37505230811,64449.473627528714
83174.6919846998,77485.44617964655,57918.86009235243
83174.6919846998,77219.3966321352,59294.77350669072
83174.6919846998,77316.29406069122,58140.83552857912
83174.6919846998,77388.01827473297,59294.77350669072
83174.6919846998,77555.03820860945,64731.56503148038
83174.6919846998,77558.55229747397,60162.635217682655
83174.6919846998,77531.13073867856,59520.3214300152
83174.6919846998,77522.98133372588,59520.3214300152
83174.6919846998,77526.79993001015,61568.27945055239
83174.6919846998,77426.4950563688,62540.899918934665
83174.6919846998,77427.77905952054,66913.71819762765
