Najlepsze,Srednie,Najgorsze
46836.82181627725,18532.992763247446,-27088.60390158753
48444.73438970136,26494.139126571514,-14736.927471040253
50826.43285891085,30579.80891872509,-23127.582049034405
50826.43285891085,32970.54717086778,-16040.992411863233
53489.29034331538,34318.78848495486,-4454.367454903782
53489.29034331538,36431.25815608563,2034.1085265394067
54674.57493401734,39925.518346104865,-4974.726043579183
56634.33963533322,44133.02112101927,6674.945384051316
57151.22568312335,46145.349461106845,9110.878066472796
58306.40934806246,49014.35370835515,6876.097281218914
58204.69885225525,52554.47279988325,8707.613388289858
60694.13174784167,54805.519764133416,12716.688924634553
61622.25628086697,56392.47202798311,16824.81244974704
63266.62127714043,58578.406974207195,36174.09976126228
65398.86067284537,60438.606184180695,46979.48598001796
65776.18562110851,61939.541003272185,49386.89997175884
67616.6193680069,63554.8003327972,48025.03213688806
67616.6193680069,64651.94421534608,46468.813939557076
67616.6193680069,65418.39740771261,56668.91187893139
67789.44196031716,65999.85242480197,51531.17126998909
68293.89209368473,66364.27807359413,53554.01789513273
68834.13205379045,66238.00418004228,52477.23545443733
69361.6696386782,66409.9991097725,52600.73683993312
69563.86307664978,67312.93352651598,46610.803300181564
70732.86542485081,68338.4230367858,50574.10976806184
71227.89378830144,68844.56085930606,51288.55375996857
71507.90566212317,69270.27896088689,54630.53894766613
71874.40070763932,70019.04788811516,52011.44148782727
72233.4312183662,70971.35244370162,54504.11126032767
72999.72328068518,71058.52061373592,49606.57753930523
73422.91697228215,71268.6156284931,56969.275661028296
73784.88588159681,71432.94655325118,53501.36535142133
74057.40234476989,72320.23757719262,56025.96778364095
74207.38262372975,72923.42925329538,55554.275784239886
74346.4906320629,73036.33558328733,55850.08230184144
74810.6933872963,73269.92816340346,52119.28805161966
75254.17581940176,73608.54683861983,61377.6864369313
75254.17581940176,73691.788038376,57586.117563684085
75254.17581940176,73442.35674505151,56784.669098034254
75254.17581940176,72984.89549969135,56066.95355587309
75254.17581940176,72323.0983825088,56761.03368266234
75586.69897640077,71567.60430752851,53351.19142645148
75586.69897640077,73662.92752368192,57534.1601413462
75619.24197392592,74078.24456589103,51065.90679830269
75660.60525016183,73134.4363679546,53120.61447061258
75660.60525016183,73050.93101141705,58382.183891597946
75910.76480551808,72468.39556378104,54749.27290149612
75914.2242296649,72018.99787272114,54479.79993603927
75970.75013734451,72378.57315149871,51523.72553739324
76107.52198173503,72665.19894342807,52579.782877243415
76592.00341246047,73054.89306308403,51048.80756548708
76592.00341246047,72973.76515508315,50589.02172022973
76592.00341246047,73246.21614778208,49678.499768674534
77162.19276243087,75136.65936443076,54533.19025603941
77162.19276243087,75975.88143560497,62706.60246469425
77299.13936787548,76078.99674453627,61957.967158661384
77552.26441956188,76248.27768681356,62645.67682422157
77552.26441956188,76223.41358713397,57672.9020503651
77563.07297294459,75036.26120324795,59441.54043036824
77973.36678092854,74587.13077348165,58548.38896906986
78107.4221583233,76536.61575479143,61027.759370791326
78444.48462374925,76128.34038582492,58959.2547055954
78444.48462374925,75100.51187814452,58091.13273543677
78444.48462374925,75149.16793047074,61002.41326793084
78689.572282782,77109.03007897218,60294.75022173701
78689.572282782,76679.49715063219,54266.389834831396
78908.41313717453,75724.35167551489,58677.97423205936
79184.74212840531,75747.69013163197,59411.97519857843
79184.74212840531,77940.88931788901,63402.494073044814
79596.65721780097,77532.92247135415,61814.43432006692
79596.65721780097,77696.63629335827,61868.543149650264
79596.65721780097,78175.87533517244,57681.40639203707
79596.65721780097,77911.90739049221,59878.76805480622
79746.9112170106,77371.60788023831,61560.527403148946
79746.9112170106,75995.12490011036,57385.29254882674
79910.7300581514,75848.05953380479,58946.329692777654
79910.7300581514,78421.33148800193,59001.676477621426
79910.7300581514,78559.90865670606,61961.62467145702
80222.04740946303,78611.33658428722,60558.10367096873
80495.41448779457,78943.64624072335,62933.284839223634
80495.41448779457,78299.33127160654,64790.84912826122
80495.41448779457,78300.64389615056,64551.70649254977
80495.41448779457,78893.73680007826,64545.981572247845
80495.41448779457,77661.26708699155,56768.05479157159
80596.81566576524,77080.95771266002,59295.18120353113
80642.72730698179,77949.2178834527,58501.14116246405
80736.78334390609,79728.62812299289,62930.47943538467
80810.90133731172,79629.78979821787,62611.109888882456
80736.78334390609,79804.13060757499,67052.38264389071
80848.00397765252,79998.87290596076,63184.050191714385
80898.01182560764,80148.82636140857,65794.2408525015
81043.20559161347,80225.33846222896,62799.782375838025
81080.15114889543,80191.70674290555,59559.858731347456
81117.67158393396,80038.56678257993,59879.65242544325
81186.09180451758,79870.18967516422,63110.79179600403
81186.09180451758,79634.06778211462,64604.39136945751
81186.09180451758,79212.061152915,65062.380856666576
81186.09180451758,78360.87546103285,63849.461573237364
81186.09180451758,78320.97309149936,60646.882599182325
81371.04260153968,78108.47457622719,59351.467969781595
81371.04260153968,79734.23638338382,60528.956729643185
81371.04260153968,80522.11425140541,68663.73664441927
81371.04260153968,80560.05764251795,64518.356143481404
81371.04260153968,80367.24720686785,62839.10164820741
81371.04260153968,80279.53436307966,64828.548351972684
81553.62388448397,80584.05736040969,66998.67723594872
81553.62388448397,80651.90751607218,63016.73591291992
81553.62388448397,80543.39509996538,63016.73591291992
81553.62388448397,80229.30141872301,62201.66931108131
81553.62388448397,79971.69090990598,62197.56895565351
81553.62388448397,78880.13515590921,54832.204253078366
81599.90288008717,80634.72138047243,67750.31868859887
81628.82931231185,80889.95793143459,64194.88771925462
81655.73742596162,80882.31769468838,60353.32418121584
81749.00005052802,80860.71922320416,65742.73115904968
81749.00005052802,80864.07342380685,63126.56000478127
81772.02832403629,81015.91201497104,60481.66623218468
81824.2054783559,81082.05012783413,62536.551838117564
81841.03206749294,81080.83670748254,64268.88606278896
81909.63512678079,81225.51703382932,66883.21676451502
81909.63512678079,81158.27990006557,60630.483546751086
81909.63512678079,81230.53857667641,65355.036508958
81909.63512678079,81304.74945192854,62715.8756364661
82428.45258669785,81336.05557842577,62715.8756364661
82428.45258669785,81095.79634368957,63274.612711387635
82428.45258669785,81020.90473559231,63345.15564099057
82428.45258669785,80500.7970097692,65989.1234106654
82460.25175135778,80184.38765973067,60105.392965708736
82460.25175135778,79707.32542356913,63927.58450276199
82501.23114704809,80530.4972043986,63286.00165250851
82501.23114704809,81770.88204430256,68746.13739480538
82501.23114704809,81873.9842255818,63353.83348782255
82504.51548498111,81898.99026519718,61395.86206890483
82570.56359848763,81961.52838750341,67657.0158881166
82638.83794979259,81921.51451867318,61395.86206890483
82638.83794979259,81923.86068477141,63430.558311464316
82740.2355994179,81936.83864407628,64098.477313060495
82762.96960102308,81926.74833633292,63479.67877206021
82762.96960102308,81912.52995554468,63456.258891277896
82762.96960102308,81898.22380560623,64102.818314946606
82826.72457702874,82200.17401207506,64271.52692874303
82938.39067046967,82112.41650853491,61671.51723387696
82938.39067046967,82240.53200581674,63702.42978977476
82959.74859004855,82143.58042272781,65458.73706448124
82959.74859004855,82230.0929400019,63736.97380522094
82969.48094528163,82316.55562861788,63836.1650996172
83023.40535348754,82299.00028454009,65678.14304573546
83054.40363479589,82250.19702593022,63278.15188319016
83107.08774802614,82387.41053257599,63278.15188319016
83107.08774802614,82482.34676275191,69271.97613467286
83107.08774802614,82363.80031824236,61978.83391215584
83107.08774802614,82374.786847343,68756.19539265317
83107.08774802614,82352.80420231768,64005.471344790305
83107.08774802614,82145.60570651619,68281.28341539313
83107.08774802614,81949.4829403678,64026.25527088009
83107.08774802614,81760.37261335082,68241.15234259778
83107.08774802614,81662.44658539862,61137.57465201087
83121.11736807553,81753.60447756569,73865.98323240741
83121.11736807553,81630.66436724833,65596.9617168447
83121.11736807553,81648.12414194665,62475.767817651664
83121.11736807553,81650.18862806133,66597.20846333785
83121.11736807553,81644.21805947402,71002.95629941887
83121.11736807553,81748.10790952314,67294.56007095963
83121.11736807553,81698.39042170487,67065.47462197479
83121.11736807553,81715.62079583775,69811.69402930276
83132.01090927246,81625.39007088855,69290.37984985215
83132.01090927246,81643.03784376926,65093.61418969795
83132.01090927246,81560.46033237716,63758.53694814015
83132.01090927246,81479.75561125827,67065.47462197479
83132.01090927246,81423.9418983755,69125.9268752479
83132.01090927246,81355.41610785255,71028.9929272289
83132.01090927246,81431.94587215022,65105.0125067494
83132.01090927246,81499.22303490761,64846.578849833386
83132.01090927246,81633.19722976696,67320.652474164
83132.01090927246,81651.69588020073,69302.15492125317
83132.01090927246,81646.81180252078,64546.23231525275
83132.01090927246,81576.34893914388,69905.97279250609
83132.01090927246,81549.80220627353,67078.76285280765
83132.01090927246,81609.48051776887,65105.0125067494
83207.98363894207,81650.64903510125,65105.0125067494
83163.00919058081,81561.27581252682,66441.45353062626
83132.01090927246,81688.15413298151,69905.97279250609
83133.87260626318,81605.07191888402,66441.45353062626
83133.87260626318,81624.37183576167,62449.79824652766
83133.87260626318,81664.06544225216,65624.65481741627
83133.87260626318,81686.93637682595,62319.258876495966
83133.87260626318,81653.19589390224,64546.23231525275
83133.87260626318,81530.57771911132,64650.10403386588
83133.87260626318,81652.08535870007,67078.98008137732
83133.87260626318,81629.99895048684,69259.83779655455
83133.87260626318,81508.12367135826,64548.09401224347
83133.87260626318,81700.07016646428,69174.97648597232
83209.84533593278,81721.84800157098,64473.98480773115
83209.84533593278,81644.86303172322,64036.83598109022
83209.84533593278,81684.69758350709,66821.91233151531
83209.84533593278,81615.36214508084,66311.91845157767
83209.84533593278,81702.66429669097,62319.258876495966
83209.84533593278,81675.2343460028,71826.15330489937
83209.84533593278,81631.64214484501,66909.1975837065
83209.84533593278,81748.15095482352,69263.55718615951
83209.84533593278,81698.71236780832,67987.0328375126
83209.84533593278,81849.60753386204,72391.08652540369
83209.84533593278,81720.78945377741,66909.1975837065
83209.84533593278,81639.93504074628,62013.70045005265
83209.84533593278,81727.641718857,68195.57854709546
83209.84533593278,81633.93229643068,64632.31389570271
83209.84533593278,81613.5926283249,66909.1975837065
83209.84533593278,81832.30958821384,66709.82633928335
83209.84533593278,81693.74547067033,62013.70045005265
83209.84533593278,81627.10765999426,67163.12150091934
83240.84361724113,81740.51348516172,62406.54412868715
83240.84361724113,81709.52377908309,69059.41270664829
83240.84361724113,81768.16216633847,71347.30194280944
83240.84361724113,81756.00231673139,67410.72181027567
83240.84361724113,81687.9510472254,67163.12150091934
83240.84361724113,81682.75066840515,66857.44889238993
83240.84361724113,81806.54895263634,70540.02332432647
83240.84361724113,81714.96902270571,66847.61312473587
83240.84361724113,81724.31531831587,62440.99353589174
83240.84361724113,81707.42787047579,65220.93271468189
83240.84361724113,81738.08365307724,63828.47970445411
83240.84361724113,81711.48077628693,69298.40943989098
83262.20153682001,81758.44638257714,64665.817051895225
83262.20153682001,81771.91308188337,69811.25891094623
83262.20153682001,81769.04518803608,70117.21600460637
83262.20153682001,81810.78828471633,68229.26978349691
83262.20153682001,81636.0258099652,62686.59932011696
83419.72892174826,81573.09425792194,70117.21600460637
83419.72892174826,81763.26464991385,66438.88450036748
83445.59982539389,81761.49383072476,65639.10145665793
83445.59982539389,81639.3101246481,68706.58741718609
83445.59982539389,81723.1040858141,68869.90816412249
83445.59982539389,81569.29861194521,65422.191687680584
83445.59982539389,81487.27172066687,68603.10515052408
83445.59982539389,81536.86873174012,67583.0116457858
83445.59982539389,81589.16137316266,67800.9541592532
83445.59982539389,81742.56914767585,67942.91460421371
83445.59982539389,81866.7650608123,70303.76155716638
83445.59982539389,81882.97109670207,68877.53410285406
83445.59982539389,81940.66077431932,62650.59834891981
83445.59982539389,81934.10786456529,64799.98766980342
83453.94786025152,81940.30758418136,66642.79050972701
83453.94786025152,81945.58838405613,63183.15312495285
83453.94786025152,81868.59610299043,62650.59834891981
83453.94786025152,81887.0221744077,62521.692833362686
83453.94786025152,81821.32636133811,62257.75467028531
83530.61450841176,82090.37133444657,62662.337984089834
83530.61450841176,81992.05675730872,66642.79050972701
83530.61450841176,81914.58590955063,64288.74707936903
83530.61450841176,82028.46579676213,69520.63492319436
83530.61450841176,82030.41867992019,69520.63492319436
83530.61450841176,81944.2694759658,70283.69356652471
83530.61450841176,81944.40217121522,62662.337984089834
83530.61450841176,81862.12707376621,64365.784219974405
83530.61450841176,82061.31784726497,69043.16006101092
83530.61450841176,81932.53340328013,66277.32600543789
83530.61450841176,82046.23873262013,70366.6566147958
83530.61450841176,81993.63778793179,64365.784219974405
83530.61450841176,82008.64115818044,64365.784219974405
83530.61450841176,81886.63415048254,62739.4538031596
83530.61450841176,82086.09353537201,66277.32600543789
83530.61450841176,82020.6500771773,64887.82265172561
83538.96254326939,82002.57107885263,66644.82812605012
83538.96254326939,82054.99521465364,70283.69356652471
83538.96254326939,81962.2264337432,67424.88676773361
83538.96254326939,81997.67145675498,64887.82265172561
83721.3267947166,81984.18688386808,66730.62116707387
83721.3267947166,82033.35304157124,68386.92794584807
83721.3267947166,81860.62383185024,67158.50818583037
83721.3267947166,81881.68834223117,66644.82812605012
83721.3267947166,81963.42476283625,66116.90876333512
83721.3267947166,81788.40766970078,70266.13321293013
83721.3267947166,81711.26817896443,63870.84393917181
83721.3267947166,81912.27436711708,62944.05877364633
83721.3267947166,82074.64719172238,66314.79993139947
83721.3267947166,82165.00282446621,64325.53970317446
83721.3267947166,82204.2498350399,71122.60762491063
83721.3267947166,82164.98884141345,65088.6823665937
83721.3267947166,82243.45349191016,69252.19831128468
83721.3267947166,82176.32899428841,67367.54643610414
83721.3267947166,82171.88096255258,64325.53970317446
83721.3267947166,82285.70386280159,65088.6823665937
83721.3267947166,82278.80130459143,69252.19831128468
83721.3267947166,82232.3576141589,65088.6823665937
83721.3267947166,82264.23752215922,69338.19240192987
83721.3267947166,82215.51560112683,69252.19831128468
83721.3267947166,82196.98420134385,67946.8634015242
83723.77357770703,82185.4464243121,64582.09615625127
83723.77357770703,82161.59758257236,66941.57222925843
83723.77357770703,82224.12983313427,64582.09615625127
83723.77357770703,82231.7200172741,67367.54643610414
83723.77357770703,82174.74144928351,66129.63848952403
83723.77357770703,82168.0966466925,72674.96485747372
83723.77357770703,82319.1255925122,67449.2951346178
83723.77357770703,82292.08697817675,71837.01498259336
83723.77357770703,82242.37150810169,64328.086283616554
83747.33857338682,82311.84611534668,65091.228947035794
83747.33857338682,82191.2934352256,66129.63848952403
83747.33857338682,82274.54942677649,69181.55736586744
83747.33857338682,82205.9417800483,67354.12768743596
83747.33857338682,82069.01844798774,66326.14726603149
83747.33857338682,82130.9153222452,66326.14726603149
83747.33857338682,82159.18864591749,66852.01600248898
83747.33857338682,82196.3190762671,68552.25087146467
83747.33857338682,82177.50349686798,66876.56080843165
83747.33857338682,82203.87516726552,65115.514088382355
83747.33857338682,82195.6461679421,65293.44191790624
83747.33857338682,82170.83437945879,65115.514088382355
83747.33857338682,82253.62902468425,66876.56080843165
83747.33857338682,82119.58607382937,66154.48655856587
83747.33857338682,82218.00333096032,67975.36416712964
83747.33857338682,82203.42508091537,64352.371424963116
83747.33857338682,82345.97523302275,70489.7691378197
83747.33857338682,82188.99481168643,64680.75484368697
83747.33857338682,82162.18594874835,65750.21208778048
83747.33857338682,82321.66866428527,69896.74630459887
83747.33857338682,82281.953516349,67473.83994056046
83747.33857338682,82382.86717692127,73762.02612572664
83747.33857338682,82234.76706238776,72580.76473553658
83747.33857338682,82372.66559421894,66486.46364436875
83747.33857338682,82227.8466427293,65192.01287484023
83747.33857338682,82195.59139936094,66939.75880600474
83747.33857338682,82172.4848098494,62971.18648554112
83747.33857338682,82197.78181170992,69896.74630459887
83747.33857338682,82305.55263243878,68619.24318446896
83747.33857338682,82283.23526795689,67378.70967895516
83747.33857338682,82294.04638182782,68619.24318446896
83747.33857338682,82298.23527786118,68552.25087146467
83747.33857338682,82175.46384942468,66486.46364436875
83747.33857338682,82152.30426151918,64680.75484368697
83747.33857338682,82277.73727718538,69279.67193926021
83747.33857338682,82322.15611102447,66486.46364436875
83747.33857338682,82369.46937949146,69898.89168926673
83747.33857338682,82130.80817182714,68552.25087146467
83747.33857338682,82246.7465489213,70310.79204700285
83747.33857338682,82228.42141285988,65750.21208778048
83747.33857338682,82209.73261529325,65750.21208778048
83747.33857338682,82144.33752516616,62971.18648554112
83747.33857338682,82127.02501952174,62971.18648554112
83747.33857338682,82199.7028024614,67378.70967895516
83747.33857338682,82264.04297200909,67975.36416712964
83747.33857338682,82261.02543636135,67473.83994056046
83747.33857338682,82175.36550383769,62971.18648554112
83747.33857338682,82255.77786470325,62971.18648554112
83747.33857338682,82227.741776006,65192.01287484023
83747.33857338682,82176.07868160796,64352.371424963116
83747.33857338682,82301.0814519232,70310.79204700285
83747.33857338682,82198.98744222388,66154.48655856587
83747.33857338682,82248.85167116328,68619.24318446896
83747.33857338682,82209.1100532751,65293.44191790624
83747.33857338682,82156.96127101629,67661.39666737926
83747.33857338682,82197.36727013928,65625.72661687165
83747.33857338682,82316.79440275484,67397.25788734648
83747.33857338682,82239.59116554062,64352.371424963116
83747.33857338682,82173.47477675397,62578.342806906614
83747.33857338682,82306.07840404124,66939.75880600474
83747.33857338682,82279.28741225917,59780.50860146057
83747.33857338682,82308.50828841265,66939.75880600474
83747.33857338682,82316.19436081614,62971.18648554112
83747.33857338682,82170.68924965082,65750.21208778048
83747.33857338682,82279.83369177657,64680.75484368697
83747.33857338682,82252.93587251999,64352.371424963116
83747.33857338682,82255.618064108,65192.01287484023
83747.33857338682,82157.5677707475,64352.371424963116
83747.33857338682,82271.39395300721,68762.80558031725
83747.33857338682,82239.0750853492,70003.33908583104
83747.33857338682,82225.26489584018,66939.75880600474
83747.33857338682,82240.56652461753,67975.36416712964
83747.33857338682,82225.09403240355,62971.18648554112
83747.33857338682,82216.8427639972,65115.514088382355
83747.33857338682,82304.5048344325,69898.89168926673
83747.33857338682,82149.77136883035,62971.18648554112
83747.33857338682,82229.57387729712,65115.514088382355
83747.33857338682,82253.34097961917,67473.83994056046
83747.33857338682,82186.16193193625,65192.01287484023
83747.33857338682,82275.3513046121,66939.75880600474
83747.33857338682,82215.63305356285,66154.48655856587
83747.33857338682,82268.01779840069,63833.64153357022
83747.33857338682,82235.13774878277,67975.36416712964
83747.33857338682,82173.47398242856,66154.48655856587
83747.33857338682,82293.0658998463,65115.514088382355
83747.33857338682,82299.54798506998,65293.44191790624
83747.33857338682,82165.7427871501,68762.80558031725
83747.33857338682,82266.36383300825,69831.15672977685
83747.33857338682,82237.70591680275,67378.70967895516
83747.33857338682,82346.66503166735,69898.89168926673
83747.33857338682,82221.63130466397,65750.21208778048
83747.33857338682,82301.89199205572,69896.74630459887
83747.33857338682,82263.37146909832,65750.21208778048
83747.33857338682,82288.53811503659,67975.36416712964
83747.33857338682,82217.84023578343,65192.01287484023
83747.33857338682,82244.14178544449,65750.21208778048
83747.33857338682,82199.9888161051,65192.01287484023
83747.33857338682,82178.19563123876,65750.21208778048
83747.33857338682,82085.00207252898,65192.01287484023
83747.33857338682,82309.47378674065,67473.83994056046
83747.33857338682,82205.8518731939,65750.21208778048
83747.33857338682,82156.72461703718,67378.70967895516
83747.33857338682,82170.50157423683,69792.78437697847
83747.33857338682,82134.10667798156,65115.514088382355
83747.33857338682,82223.46564565688,65192.01287484023
83747.33857338682,82203.75427812501,65115.514088382355
83747.33857338682,82245.08601887333,62971.18648554112
83747.33857338682,82307.80406881975,65192.01287484023
83747.33857338682,82202.40603648564,71967.94437478467
83747.33857338682,82412.82828376887,72476.71058974373
83747.33857338682,82193.78289034675,66154.48655856587
83747.33857338682,82247.30000633096,65192.01287484023
83747.33857338682,82242.32269711996,67975.36416712964
83747.33857338682,82213.59388886325,67975.36416712964
83747.33857338682,82294.74491214941,70489.7691378197
83747.33857338682,82237.04961716181,66486.46364436875
83747.33857338682,82246.33652787785,67473.83994056046
83747.33857338682,82207.92084499195,62971.18648554112
83747.33857338682,82215.77876750103,65115.514088382355
83747.33857338682,82143.39792699837,69896.74630459887
83747.33857338682,82234.33256295159,65750.21208778048
83747.33857338682,82185.1478067673,62971.18648554112
83747.33857338682,82178.49473640448,67378.70967895516
83747.33857338682,82080.93241236937,65750.21208778048
83747.33857338682,82173.79673116458,65746.23857591659
83747.33857338682,82316.288488712,65192.01287484023
83747.33857338682,82131.09103154273,67378.70967895516
83747.33857338682,82303.5350050664,64680.75484368697
83747.33857338682,82279.97209594298,64680.75484368697
83747.33857338682,82260.92966766392,62971.18648554112
83747.33857338682,82195.40451445548,62578.342806906614
83747.33857338682,82190.35687564823,69898.89168926673
83747.33857338682,82269.42826116484,66939.75880600474
83747.33857338682,82106.2278156838,65192.01287484023
83747.33857338682,82115.37160215316,62971.18648554112
83747.33857338682,82190.29435854469,70310.79204700285
83747.33857338682,82198.35647753297,68762.80558031725
83747.33857338682,82284.28839960507,67975.36416712964
83747.33857338682,82194.89465230484,64352.371424963116
83747.33857338682,82110.29497228276,65115.514088382355
83747.33857338682,82289.7407386183,64680.75484368697
83747.33857338682,82214.62044413622,69279.67193926021
83747.33857338682,82206.04369849275,65750.21208778048
83747.33857338682,82177.2987515551,65192.01287484023
83747.33857338682,82240.85644923932,65750.21208778048
83747.33857338682,82238.57395538072,67975.36416712964
83747.33857338682,82203.68334771665,65192.01287484023
83747.33857338682,82229.88277239286,67473.83994056046
83747.33857338682,82205.34904233979,70643.60228598936
83747.33857338682,82280.43706419069,67975.36416712964
83747.33857338682,82384.36305507964,62971.18648554112
83747.33857338682,82253.21313023554,69896.74630459887
83747.33857338682,82174.05967389228,65115.514088382355
83747.33857338682,82230.79628932202,66939.75880600474
83747.33857338682,82211.93673293217,69624.05506350225
83747.33857338682,82212.52279776768,62578.342806906614
83747.33857338682,82233.4269112753,69898.89168926673
83747.33857338682,82089.26894612606,64680.75484368697
83747.33857338682,82179.45248468449,66939.75880600474
83747.33857338682,82287.05536675679,65192.01287484023
83747.33857338682,82247.4597807814,62612.24162672394
83747.33857338682,82283.46762260636,64352.371424963116
83747.33857338682,82273.27432829955,70489.7691378197
83747.33857338682,82345.64685532113,69981.19913866969
83747.33857338682,82198.95656045606,68762.80558031725
83747.33857338682,82180.8257900494,66876.56080843165
83747.33857338682,82241.33907908207,62578.342806906614
83747.33857338682,82340.59317276273,67378.70967895516
83747.33857338682,82225.10411063595,67395.02006407967
83747.33857338682,82270.95701768523,66154.48655856587
83747.33857338682,82236.83333066276,66154.48655856587
83747.33857338682,82218.41780689078,65192.01287484023
83747.33857338682,82295.53785025224,65115.514088382355
83747.33857338682,82188.38546243634,67552.79152101316
83747.33857338682,82148.86143123318,66154.48655856587
83747.33857338682,82255.89533236412,66486.46364436875
83747.33857338682,82155.52321725542,65039.25360267381
83747.33857338682,82267.50735091565,66154.48655856587
83747.33857338682,82224.33194556461,68552.25087146467
83747.33857338682,82256.66853708675,62578.342806906614
83747.33857338682,82187.30708649005,65192.01287484023
83747.33857338682,82162.01599159643,65115.514088382355
83747.33857338682,82276.01525240192,66154.48655856587
83747.33857338682,82244.95151956445,65115.514088382355
83747.33857338682,82283.10066128509,68762.80558031725
83747.33857338682,82206.76384890509,65192.01287484023
83747.33857338682,82276.59944083978,65750.21208778048
83747.33857338682,82208.17838896686,66486.46364436875
83747.33857338682,82276.21594869453,65115.514088382355
83747.33857338682,82259.66436349793,69898.89168926673
83747.33857338682,82301.21414117196,65115.514088382355
83747.33857338682,82341.25314455478,66876.56080843165
83747.33857338682,82220.63519713457,64680.75484368697
83747.33857338682,82397.87025047773,71847.41211403979
83747.33857338682,82305.52786139892,62849.615128754725
83747.33857338682,82304.22504033,68552.25087146467
83747.33857338682,82167.70705214325,67228.8184317745
83747.33857338682,82267.4157308397,68519.80654956758
83747.33857338682,82196.05494558324,67975.36416712964
83747.33857338682,82299.21127167968,72476.71058974373
83747.33857338682,82327.34394184135,67378.70967895516
83747.33857338682,82389.33128240728,66876.56080843165
83747.33857338682,82219.14569391964,66939.75880600474
83747.33857338682,82250.15343532586,70310.79204700285
83747.33857338682,82360.14538523325,65192.01287484023
83747.33857338682,82148.61927059632,67395.02006407967
83747.33857338682,82203.86933492297,66893.23880815206
83747.33857338682,82288.64911682664,65192.01287484023
83747.33857338682,82180.43663813898,62971.18648554112
83747.33857338682,82344.79562699552,69896.74630459887
83747.33857338682,82194.94979190812,68552.25087146467
83747.33857338682,82260.33438417783,72127.85518747079
83747.33857338682,82289.59200443808,68091.21134357784
83747.33857338682,82226.31958364465,70642.09945700313
83747.33857338682,82307.27150646469,66213.77036656899
83747.33857338682,82239.96078921377,66876.56080843165
83747.33857338682,82242.28181133627,65115.514088382355
83747.33857338682,82279.09943617247,68762.80558031725
83747.33857338682,82184.06673650611,62971.18648554112
83747.33857338682,82191.52961274746,62971.18648554112
83747.33857338682,82133.38659543458,62578.342806906614
83747.33857338682,82206.32249487334,56894.44122146404
83747.33857338682,82122.80356902877,65750.21208778048
83747.33857338682,82181.0734793849,65115.514088382355
83747.33857338682,82219.16817844273,66939.75880600474
83747.33857338682,82178.46379469131,66939.75880600474
83747.33857338682,82232.22079069528,66154.48655856587
83747.33857338682,82212.58690489395,68091.21134357784
83747.33857338682,82230.85327643219,64680.75484368697
83747.33857338682,82252.34232006634,68552.25087146467
83747.33857338682,82261.21620194628,65192.01287484023
83747.33857338682,82258.95068543972,61331.28436139279
83747.33857338682,82161.16317226613,70003.33908583104
83747.33857338682,82272.43597238055,64680.75484368697
83747.33857338682,82278.20734571443,70310.79204700285
83747.33857338682,82370.60328761183,73180.16748756987
83747.33857338682,82341.60697313321,62971.18648554112
83747.33857338682,82182.59048837252,66154.48655856587
83747.33857338682,82207.43008134508,66154.48655856587
83747.33857338682,82236.1215664641,67473.83994056046
83747.33857338682,82202.93771972838,65192.01287484023
83747.33857338682,82131.03323149944,65115.514088382355
83747.33857338682,82230.88808465985,64352.371424963116
83747.33857338682,82265.71143946957,67975.36416712964
83747.33857338682,82274.09584824476,66939.75880600474
83747.33857338682,82198.49464177943,65750.21208778048
83747.33857338682,82242.60606512759,65192.01287484023
83747.33857338682,82243.77516551632,63590.96039591289
83747.33857338682,82243.07813054965,67473.83994056046
83747.33857338682,82166.94290600049,62971.18648554112
83747.33857338682,82248.89408295964,65293.44191790624
83747.33857338682,82254.20099528511,65293.44191790624
83747.33857338682,82274.61045272365,68762.80558031725
83747.33857338682,82203.17769874106,65192.01287484023
83747.33857338682,82208.31502384633,65293.44191790624
83747.33857338682,82326.503057256,68091.21134357784
83747.33857338682,82288.70283326527,70489.7691378197
83747.33857338682,82267.24292990059,65115.514088382355
83747.33857338682,82214.2190547277,64352.371424963116
83747.33857338682,82299.54978290835,65115.514088382355
83747.33857338682,82257.31926781422,71613.18677352894
83747.33857338682,82177.67036854448,65192.01287484023
83747.33857338682,82306.90943128128,70642.09945700313
83747.33857338682,82238.58953282637,69896.74630459887
83747.33857338682,82320.02818235851,66154.48655856587
83747.33857338682,82260.08753614307,67395.02006407967
83747.33857338682,82231.69030930338,65192.01287484023
83747.33857338682,82302.2444274289,65192.01287484023
83747.33857338682,82242.51830385897,66486.46364436875
83747.33857338682,82153.32875035105,69279.67193926021
83747.33857338682,82231.1503545396,66486.46364436875
83747.33857338682,82214.51807458687,70643.60228598936
83747.33857338682,82267.4533056047,64352.371424963116
83747.33857338682,82252.75478876442,69279.67193926021
83747.33857338682,82172.3469517055,67473.83994056046
83747.33857338682,82170.22756122376,62971.18648554112
83747.33857338682,82129.0067103911,66486.46364436875
83747.33857338682,82272.52385624644,65192.01287484023
83747.33857338682,82200.32691377575,66486.46364436875
83747.33857338682,82297.56712424112,62971.18648554112
83747.33857338682,82092.51776277875,65192.01287484023
83747.33857338682,82258.71286554274,69624.05506350225
83747.33857338682,82247.9321692421,65293.44191790624
83747.33857338682,82128.5470996575,69898.89168926673
83747.33857338682,82307.12717530053,67473.83994056046
83747.33857338682,82185.23873623257,65293.44191790624
83747.33857338682,82188.93194498922,66939.75880600474
83747.33857338682,82166.54294487806,65192.01287484023
83747.33857338682,82205.42190645493,65115.514088382355
83747.33857338682,82120.026474796,62971.18648554112
83747.33857338682,82248.91807826541,64680.75484368697
83747.33857338682,82294.51335347562,66939.75880600474
83747.33857338682,82104.68306454703,65115.514088382355
83747.33857338682,82103.40498990499,67473.83994056046
83747.33857338682,82262.36887288753,65192.01287484023
83747.33857338682,82206.54249292656,64352.371424963116
83747.33857338682,82231.65607640661,65192.01287484023
83747.33857338682,82258.89001994852,67975.36416712964
83747.33857338682,82242.4402551084,67378.70967895516
83747.33857338682,82260.74949336059,69898.89168926673
83747.33857338682,82208.46146501075,70003.33908583104
83747.33857338682,82206.52846006738,62578.342806906614
83747.33857338682,82212.02585341063,62299.168002407736
83747.33857338682,82346.35356805005,69279.67193926021
83747.33857338682,82236.4799565865,64680.75484368697
83747.33857338682,82171.57764550131,62578.342806906614
83747.33857338682,82211.80775891717,65750.21208778048
83747.33857338682,82160.731212783,66876.56080843165
83747.33857338682,82226.39440066971,65750.21208778048
83747.33857338682,82232.77846774046,66154.48655856587
83747.33857338682,82349.25443327607,69896.74630459887
83747.33857338682,82164.56698207979,69898.89168926673
83747.33857338682,82221.11331231854,66154.48655856587
83747.33857338682,82248.36330216931,68619.24318446896
83747.33857338682,82202.3810986643,66939.75880600474
83747.33857338682,82321.80042173468,62578.342806906614
83747.33857338682,82320.6068787315,68552.25087146467
83747.33857338682,82222.4077225311,62578.342806906614
83747.33857338682,82270.40982748207,66154.48655856587
83747.33857338682,82235.31894309986,70003.33908583104
83747.33857338682,82317.59910374497,65750.21208778048
83747.33857338682,82257.4218535187,67473.83994056046
83747.33857338682,82210.25043864129,65115.514088382355
83747.33857338682,82111.02476043599,62971.18648554112
83747.33857338682,82156.79462786282,66154.48655856587
83747.33857338682,82206.33522072973,66939.75880600474
83747.33857338682,82294.37257139052,65115.514088382355
83747.33857338682,82177.2065197821,62971.18648554112
83747.33857338682,82283.50331650709,68552.25087146467
83747.33857338682,82308.42572310462,69279.67193926021
83747.33857338682,82209.34549844144,66154.48655856587
83747.33857338682,82296.59930056,66154.48655856587
83747.33857338682,82233.65239631396,62971.18648554112
83747.33857338682,82278.64124762015,65115.514088382355
83747.33857338682,82308.17133505367,69792.78437697847
83747.33857338682,82217.09623962839,62578.342806906614
83747.33857338682,82328.38797743115,72137.58373509863
83747.33857338682,82270.54860935784,67473.83994056046
83747.33857338682,82288.91699559809,71540.49749421218
83747.33857338682,82154.91183338739,62971.18648554112
83747.33857338682,82342.0874380794,68762.80558031725
83747.33857338682,82279.4005805319,65148.78438688256
83747.33857338682,82278.73599897759,66876.56080843165
83747.33857338682,82313.40498071785,66939.75880600474
83747.33857338682,82168.44403366507,66154.48655856587
83747.33857338682,82124.5571127677,64352.371424963116
83747.33857338682,82211.2918511418,65115.514088382355
83747.33857338682,82304.85206615877,62971.18648554112
83747.33857338682,82197.56514919341,67473.83994056046
83747.33857338682,82095.67000676718,65293.44191790624
83747.33857338682,82283.19650704673,67975.36416712964
83747.33857338682,82193.94513090535,62971.18648554112
83747.33857338682,82341.01391977548,69898.89168926673
83747.33857338682,82285.21495048508,69279.67193926021
83747.33857338682,82243.50206049348,62578.342806906614
83747.33857338682,82224.7380625763,64680.75484368697
83747.33857338682,82306.19773057336,69831.15672977685
83747.33857338682,82238.39149636359,62971.18648554112
83747.33857338682,82219.23508097272,66939.75880600474
83747.33857338682,82116.45644953809,65192.01287484023
83747.33857338682,82243.4658520227,71071.69023529065
83747.33857338682,82261.02032737785,67378.70967895516
83747.33857338682,82300.81226418918,64680.75484368697
83747.33857338682,82254.275017672,65115.514088382355
83747.33857338682,82135.2082979096,68762.80558031725
83747.33857338682,82264.85575371522,65192.01287484023
83747.33857338682,82334.80418768563,67975.36416712964
83747.33857338682,82254.97053600546,66154.48655856587
83747.33857338682,82203.99276851062,66154.48655856587
83747.33857338682,82208.19410602479,65293.44191790624
83747.33857338682,82294.35073763134,68762.80558031725
83747.33857338682,82262.98587773903,65115.514088382355
83747.33857338682,82073.16931361814,66939.75880600474
83747.33857338682,82192.05193285363,65115.514088382355
83747.33857338682,82253.06535600775,68552.25087146467
83747.33857338682,82329.52177776376,70520.20544477401
83747.33857338682,82184.03272918549,65115.514088382355
83747.33857338682,82216.47744384907,65115.514088382355
83747.33857338682,82104.16874823632,65115.514088382355
83747.33857338682,82333.52074770856,65293.44191790624
83747.33857338682,82241.98760596578,65115.514088382355
83747.33857338682,82264.37890806448,70489.7691378197
83747.33857338682,82246.10397423105,70489.7691378197
83747.33857338682,82214.99750096408,62971.18648554112
83747.33857338682,82075.0454778507,67378.70967895516
83747.33857338682,82327.25100928971,66939.75880600474
83747.33857338682,82258.91958788357,65115.514088382355
83747.33857338682,82267.82294634038,69896.74630459887
83747.33857338682,82251.70581182983,67378.70967895516
83747.33857338682,82210.74099922527,64515.95711782671
83747.33857338682,82309.59688866344,66876.56080843165
83747.33857338682,82231.66103968918,65750.21208778048
83747.33857338682,82207.04544299825,66486.46364436875
83747.33857338682,82127.20630218486,65115.514088382355
83747.33857338682,82319.57259711601,62578.342806906614
83747.33857338682,82186.48115219994,65750.21208778048
83747.33857338682,82276.00612932365,71847.41211403979
83747.33857338682,82235.85820131682,65750.21208778048
83747.33857338682,82213.1367024669,65192.01287484023
83747.33857338682,82118.94884942922,62971.18648554112
83747.33857338682,82218.73500001276,62578.342806906614
83747.33857338682,82265.05798009515,64352.371424963116
83747.33857338682,82209.70638406204,62578.342806906614
83747.33857338682,82307.93301492455,66876.56080843165
83747.33857338682,82187.61904768019,64352.371424963116
83747.33857338682,82235.83693679971,67473.83994056046
83747.33857338682,82246.34800132335,67395.02006407967
83747.33857338682,82313.93389850056,71540.49749421218
83747.33857338682,82300.51767354982,65115.514088382355
83747.33857338682,82234.44029553654,66876.56080843165
83747.33857338682,82225.83719538788,67473.83994056046
83747.33857338682,82242.1627648553,67395.02006407967
83747.33857338682,82194.4454351916,70643.60228598936
83747.33857338682,82391.22957390065,69831.15672977685
83747.33857338682,82236.26766405553,67473.83994056046
83747.33857338682,82202.90649810235,64680.75484368697
83747.33857338682,82220.41341810998,71613.18677352894
83747.33857338682,82241.4446600386,65192.01287484023
83747.33857338682,82188.00149030532,68552.25087146467
83747.33857338682,82204.75895646258,64680.75484368697
83747.33857338682,82278.42267772325,65293.44191790624
83747.33857338682,82247.47718749502,66154.48655856587
83747.33857338682,82278.4453015052,65115.514088382355
83747.33857338682,82292.76140004121,64352.371424963116
83747.33857338682,82209.18090819324,62971.18648554112
83747.33857338682,82286.9145255228,67378.70967895516
83747.33857338682,82303.11277005427,71967.94437478467
83747.33857338682,82299.64420017246,70643.60228598936
83747.33857338682,82181.60010292193,65115.514088382355
83747.33857338682,82152.52704519717,67395.02006407967
83747.33857338682,82233.7991205473,65750.21208778048
83747.33857338682,82125.49359533678,65192.01287484023
83747.33857338682,82166.59401254225,67395.02006407967
83747.33857338682,82221.07231491352,66876.56080843165
83747.33857338682,82266.72960751009,65293.44191790624
83747.33857338682,82290.21904382319,66154.48655856587
83747.33857338682,82286.06245948319,71540.49749421218
83747.33857338682,82107.95222227176,64352.371424963116
83747.33857338682,82285.2516673462,71861.3497919552
83747.33857338682,82203.63062864049,65750.21208778048
83747.33857338682,82277.42260200542,67378.70967895516
83747.33857338682,82332.87019933043,65115.514088382355
83747.33857338682,82179.0955182241,66154.48655856587
83747.33857338682,82232.81964466836,68762.80558031725
83747.33857338682,82216.64603972991,66876.56080843165
83747.33857338682,82239.83073730188,71650.63638270422
83747.33857338682,82392.81333469757,70310.79204700285
83747.33857338682,82280.8295506356,70643.60228598936
83747.33857338682,82335.71098491871,67378.70967895516
83747.33857338682,82124.74790178426,66939.75880600474
83747.33857338682,82262.69595797946,65750.21208778048
83747.33857338682,82164.74360115775,62971.18648554112
83747.33857338682,82223.33089679031,65293.44191790624
83747.33857338682,82255.67899317756,67395.02006407967
83747.33857338682,82152.93846172877,62971.18648554112
83747.33857338682,82272.26595063694,62362.46519007695
83747.33857338682,82272.70489612952,69624.05506350225
83747.33857338682,82234.53432671916,71613.18677352894
83747.33857338682,82207.29836169998,65842.84789950194
83747.33857338682,82154.96325885633,66486.46364436875
83747.33857338682,82121.56385253725,64680.75484368697
83747.33857338682,82393.79434517898,62578.342806906614
83747.33857338682,82365.22512314677,65192.01287484023
83747.33857338682,82351.29859095997,68762.80558031725
83747.33857338682,82204.36680559727,65192.01287484023
83747.33857338682,82307.63434121582,66154.48655856587
83747.33857338682,82209.69009439273,65115.514088382355
83747.33857338682,82353.40128892742,62971.18648554112
83747.33857338682,82298.95538500573,70310.79204700285
83747.33857338682,82220.34327702841,62971.18648554112
83747.33857338682,82306.22322357679,64680.75484368697
83747.33857338682,82218.88086499601,71861.3497919552
83747.33857338682,82283.15072955837,71540.49749421218
83747.33857338682,82235.76921100862,65115.514088382355
83747.33857338682,82221.70054572425,70642.09945700313
83747.33857338682,82228.3960491469,62971.18648554112
83747.33857338682,82228.81467278714,64856.06510972722
83747.33857338682,82210.16396462802,62578.342806906614
83747.33857338682,82116.5984743203,67378.70967895516
83747.33857338682,82169.49842456018,62578.342806906614
83747.33857338682,82197.68857051824,65192.01287484023
83747.33857338682,82390.24611847669,73184.92693852163
83747.33857338682,82462.59916272009,72580.76473553658
83747.33857338682,82232.71079752178,71055.19717297501
83747.33857338682,82242.88329552417,65293.44191790624
83747.33857338682,82172.58505037881,64680.75484368697
83747.33857338682,82281.11145619061,65192.01287484023
83747.33857338682,82165.2835689846,65115.514088382355
83747.33857338682,82216.73106617168,68619.24318446896
83747.33857338682,82325.33437844593,67630.3020932913
83747.33857338682,82193.2244525699,65750.21208778048
83747.33857338682,82313.92347122853,69279.67193926021
83747.33857338682,82174.19627814207,67473.83994056046
83747.33857338682,82253.74434466899,66939.75880600474
83747.33857338682,82242.9506535882,68762.80558031725
83747.33857338682,82118.85983800208,66939.75880600474
83747.33857338682,82153.4754686395,70642.09945700313
83747.33857338682,82158.55596966328,65192.01287484023
83747.33857338682,82245.92713622225,68619.24318446896
83747.33857338682,82202.29835659756,64352.371424963116
83747.33857338682,82168.11578348346,67473.83994056046
83747.33857338682,82180.14082194965,65750.21208778048
83747.33857338682,82243.98878685426,70520.20544477401
83747.33857338682,82198.25195684054,70003.33908583104
83747.33857338682,82196.27315766184,65293.44191790624
83747.33857338682,82256.61888967932,69279.67193926021
83747.33857338682,82172.54508379288,62971.18648554112
83747.33857338682,82261.03791955643,69792.78437697847
83747.33857338682,82298.44975184338,66939.75880600474
83747.33857338682,82158.56285635065,66154.48655856587
83747.33857338682,82188.15256774446,69896.74630459887
83747.33857338682,82123.31425506478,65293.44191790624
83747.33857338682,82266.73111715911,65192.01287484023
83747.33857338682,82225.72187804268,67378.70967895516
83747.33857338682,82189.5566129296,66154.48655856587
83747.33857338682,82239.88566878691,70310.79204700285
83747.33857338682,82249.15710882001,59362.341885962014
83747.33857338682,82240.72291621522,66194.64405369434
83747.33857338682,82309.78650450446,67395.02006407967
83747.33857338682,82210.29952083956,68619.24318446896
83747.33857338682,82189.59804606366,65115.514088382355
83747.33857338682,82213.65471648323,65750.21208778048
83747.33857338682,82187.08817273435,62578.342806906614
83747.33857338682,82329.66294857167,71055.19717297501
83747.33857338682,82229.95148081513,72580.76473553658
83747.33857338682,82282.52859109256,66939.75880600474
83747.33857338682,82242.02131242925,68762.80558031725
83747.33857338682,82190.74594828431,68762.80558031725
83747.33857338682,82249.98579036331,69831.15672977685
83747.33857338682,82233.00379278818,62578.342806906614
83747.33857338682,82319.38207573764,66939.75880600474
83747.33857338682,82227.29834491885,66154.48655856587
83747.33857338682,82200.34590231147,65750.21208778048
83747.33857338682,82158.50292351996,66154.48655856587
83747.33857338682,82184.80316504289,67378.70967895516
83747.33857338682,82244.23649860104,69624.05506350225
83747.33857338682,82155.95591695,64680.75484368697
83747.33857338682,82241.32352098946,69896.74630459887
83747.33857338682,82299.57356388618,66939.75880600474
83747.33857338682,82233.16216890798,64352.371424963116
83747.33857338682,82206.36330805499,68762.80558031725
83747.33857338682,82275.5891002249,62578.342806906614
83747.33857338682,82181.08298511666,68518.1983823325
83747.33857338682,82348.81336316164,73184.92693852163
83747.33857338682,82194.65881474645,65115.514088382355
83747.33857338682,82351.1567668893,71861.3497919552
83747.33857338682,82286.15075366032,69701.34242082378
83747.33857338682,82340.59018316219,68552.25087146467
83747.33857338682,82356.63194052287,69279.67193926021
83747.33857338682,82164.8471928392,62578.342806906614
83747.33857338682,82163.80662851187,66154.48655856587
83747.33857338682,82166.09152966825,65750.21208778048
83747.33857338682,82208.23026070633,68845.97675104458
83747.33857338682,82165.9747686024,62971.18648554112
83747.33857338682,82154.1512915641,64352.371424963116
83747.33857338682,82194.66979262115,69582.85108554731
83747.33857338682,82174.20971268624,65192.01287484023
83747.33857338682,82258.79355585808,65750.21208778048
83747.33857338682,82277.42075888385,65192.01287484023
83747.33857338682,82191.14362767451,64680.75484368697
83747.33857338682,82124.94001142966,65750.21208778048
83747.33857338682,82201.80633661836,66876.56080843165
83747.33857338682,82359.43699259764,66876.56080843165
83747.33857338682,82111.90628110738,66154.48655856587
83747.33857338682,82250.40743310157,66939.75880600474
83747.33857338682,82264.74444013301,63284.973008328554
83747.33857338682,82222.13332229231,65750.21208778048
83747.33857338682,82268.76902962904,66154.48655856587
83747.33857338682,82219.63159384269,68762.80558031725
83747.33857338682,82304.33689813904,62971.18648554112
83747.33857338682,82237.70301626244,65750.21208778048
83747.33857338682,82301.56081193908,64352.371424963116
83747.33857338682,82274.73999521615,65115.514088382355
83747.33857338682,82287.20898634144,69279.67193926021
83747.33857338682,82383.09057225591,71650.63638270422
83747.33857338682,82229.94144613878,68619.24318446896
83747.33857338682,82181.94570169812,62971.18648554112
83747.33857338682,82227.12065040575,66939.75880600474
83747.33857338682,82136.343253966,68552.25087146467
83747.33857338682,82196.08089783559,71613.18677352894
83747.33857338682,82230.8843615452,66939.75880600474
83747.33857338682,82326.24846197238,70310.79204700285
83747.33857338682,82255.52710623495,70643.60228598936
83747.33857338682,82167.57412268054,66486.46364436875
83747.33857338682,82204.51785643387,65192.01287484023
83747.33857338682,82179.82682565902,62971.18648554112
83747.33857338682,82277.45373874702,68762.80558031725
83747.33857338682,82175.55745692471,67473.83994056046
83747.33857338682,82105.07577531344,62971.18648554112
83747.33857338682,82154.91129695479,65115.514088382355
83747.33857338682,82211.01361417168,64680.75484368697
83747.33857338682,82254.69349630906,67378.70967895516
83747.33857338682,82291.03214526994,70003.33908583104
83747.33857338682,82056.53840639317,62578.342806906614
83747.33857338682,82189.61166102445,70003.33908583104
83747.33857338682,82105.52443227303,62578.342806906614
83747.33857338682,82096.14399815368,62971.18648554112
83747.33857338682,82203.43305101476,69896.74630459887
83747.33857338682,82294.95887425987,65115.514088382355
83747.33857338682,82261.08671933922,69898.89168926673
83747.33857338682,82203.40347785044,65750.21208778048
83747.33857338682,82205.67185735948,65293.44191790624
83747.33857338682,82138.38375662749,62578.342806906614
83747.33857338682,82303.21354115129,72115.95258038325
83747.33857338682,82367.96896168996,62971.18648554112
83747.33857338682,82267.578851959,70003.33908583104
83747.33857338682,82323.72933116766,70310.79204700285
83747.33857338682,82220.50058807559,67975.36416712964
83747.33857338682,82224.16820944799,62578.342806906614
83747.33857338682,82260.02062449833,62971.18648554112
83747.33857338682,82169.94892872583,65115.514088382355
83747.33857338682,82213.54355605814,65293.44191790624
83747.33857338682,82270.51345036212,73147.39109200242
83747.33857338682,82211.15374493049,67473.83994056046
83747.33857338682,82154.92174925779,64352.371424963116
83747.33857338682,82214.59835503783,62578.342806906614
83747.33857338682,82239.39347724701,65115.514088382355
83747.33857338682,82241.3602862135,65293.44191790624
83747.33857338682,82238.33972890857,70642.09945700313
83747.33857338682,82303.21373730493,68552.25087146467
83747.33857338682,82321.47158345809,62971.18648554112
83747.33857338682,82231.06617152382,64680.75484368697
83747.33857338682,82189.32429948803,66154.48655856587
83747.33857338682,82271.76033329844,68552.25087146467
83747.33857338682,82181.85596011755,68762.80558031725
83747.33857338682,82218.30595711748,62971.18648554112
83747.33857338682,82286.7076129951,69898.89168926673
83747.33857338682,82361.26387317311,70520.20544477401
83747.33857338682,82263.12550632237,68619.24318446896
83747.33857338682,82213.42472475207,68552.25087146467
83747.33857338682,82164.58980607905,65115.514088382355
83747.33857338682,82206.20283626913,70253.71456100693
83747.33857338682,82309.8966287184,72813.39091188431
83747.33857338682,82127.12636144889,67378.70967895516
83747.33857338682,82188.59680328943,65192.01287484023
83747.33857338682,82224.50963486871,65115.514088382355
83747.33857338682,82296.51511031244,66939.75880600474
83747.33857338682,82220.14313160883,66939.75880600474
83747.33857338682,82249.05943536459,65192.01287484023
83747.33857338682,82317.14767582231,69831.15672977685
83747.33857338682,82332.91077705481,69831.15672977685
83747.33857338682,82232.90545417233,70642.09945700313
83747.33857338682,82291.30075948015,65293.44191790624
83747.33857338682,82211.12891998401,66486.46364436875
83747.33857338682,82305.69715838878,65750.21208778048
83747.33857338682,82184.8133070239,62971.18648554112
83747.33857338682,82109.22352081497,64680.75484368697
83747.33857338682,82269.73153229406,69896.74630459887
83747.33857338682,82219.37165895368,65750.21208778048
83747.33857338682,82232.22014834528,69799.57222531477
83747.33857338682,82157.24277663097,65192.01287484023
83747.33857338682,82168.6027473465,66486.46364436875
83747.33857338682,82261.82973565174,64680.75484368697
83747.33857338682,82273.81493828636,70520.91591033169
83747.33857338682,82288.43477929714,66939.75880600474
83747.33857338682,82311.36934708494,69898.89168926673
83747.33857338682,82214.34603191829,67473.83994056046
83747.33857338682,82269.57269505995,70489.7691378197
83747.33857338682,82270.60084542786,69898.89168926673
83747.33857338682,82153.48240824652,62578.342806906614
83747.33857338682,82237.04780375215,65293.44191790624
83747.33857338682,82273.31154232011,68552.25087146467
83747.33857338682,82254.30420747092,65115.514088382355
83747.33857338682,82236.94763073706,62971.18648554112
83747.33857338682,82220.13053461433,65192.01287484023
83747.33857338682,82181.56974873468,65115.514088382355
83747.33857338682,82175.48024751323,67975.36416712964
83747.33857338682,82213.37657830204,68762.80558031725
83747.33857338682,82267.79304691889,64352.371424963116
83747.33857338682,82243.35243890682,67473.83994056046
83747.33857338682,82261.94128634475,71613.18677352894
83747.33857338682,82171.30624013986,64352.371424963116
83747.33857338682,82234.8392779085,68762.80558031725
83747.33857338682,82345.68279189292,69831.15672977685
83747.33857338682,82210.29078365464,65115.514088382355
83747.33857338682,82190.59133146117,64352.371424963116
83747.33857338682,82364.63746571433,66939.75880600474
83747.33857338682,82181.7195289411,70489.7691378197
83747.33857338682,82233.13459841737,67378.70967895516
83747.33857338682,82235.60687875183,67473.83994056046
83747.33857338682,82275.18376384146,70642.09945700313
83747.33857338682,82312.28746817046,67975.36416712964
83747.33857338682,82327.7845651313,69624.05506350225
83747.33857338682,82282.98754716902,67473.83994056046
83747.33857338682,82246.18278717317,69279.67193926021
83747.33857338682,82342.78714531109,69831.15672977685
83747.33857338682,82280.8630309307,65293.44191790624
83747.33857338682,82255.90602445455,67975.36416712964
83747.33857338682,82245.6511936981,69896.74630459887
83747.33857338682,82279.91737103666,70489.7691378197
83747.33857338682,82208.47933758041,70489.7691378197
83747.33857338682,82236.8106434483,64352.371424963116
83747.33857338682,82207.03910343636,66154.48655856587
83747.33857338682,82290.4001180923,66154.48655856587
83747.33857338682,82196.10091457452,66876.56080843165
83747.33857338682,82184.30588795694,68619.24318446896
83747.33857338682,82182.1622118963,67378.70967895516
83747.33857338682,82216.06496367873,68762.80558031725
83747.33857338682,82187.23886816725,67473.83994056046
83747.33857338682,82186.92632410077,62971.18648554112
83747.33857338682,82108.50021853163,64352.371424963116
83747.33857338682,82198.55373265351,68762.80558031725
83747.33857338682,82230.06477493026,69279.67193926021
83747.33857338682,82156.53751730622,62578.342806906614
