Najlepsze,Srednie,Najgorsze
41821.91166846027,18517.248709458374,-5731.130355374538
42798.771753963105,30137.434882036065,13391.017824762603
42798.771753963105,38277.679118462445,4393.998508911507
43012.04662896439,41921.93955111454,29456.565731742056
44363.25208406784,42556.15524071093,32413.75904563564
44363.25208406784,42863.293840941486,39687.96002823098
46206.95767563358,43114.85380700256,31644.089503563024
46206.95767563358,44900.58116810289,42384.74738950647
48502.695976109964,46117.83688993618,43713.862060888256
49384.198487386944,46680.597565170865,42849.02156836073
50545.178721443386,47906.6428426682,28798.943328397436
54336.192771763934,48973.500091395836,35567.68261675969
54336.192771763934,49476.24436221417,38262.600979137685
56762.02005235937,51326.280825618356,46508.45275813777
57298.69206403354,54546.83617980372,50588.46768004453
57819.26927431795,54235.95134283539,45692.94639386347
59006.87516567775,55799.52689446854,48583.083915730356
59069.82882529364,54049.62385873114,41538.444823850936
59069.82882529364,55396.53103684455,36725.303495214146
59861.3509437651,58188.923265255755,47338.52200485753
59861.3509437651,58751.53156010124,53128.63723647335
60936.761181313166,58798.44258531801,56924.444770306196
61050.33900089673,58086.78719674843,51104.87388413896
62285.089367644,58110.99053250123,50799.002939328115
62379.27893105993,59521.10601753408,50453.14636452904
62379.27893105993,60492.758973102085,47519.18163821774
62456.886663764795,59979.91543575765,50744.80605981925
62602.02062449123,60515.99380957121,52288.63286831986
62602.02062449123,60969.64256823752,54972.44217619461
62662.4308071415,61102.35988942335,38076.74451959618
62662.4308071415,62032.5913936557,55744.81772963476
62857.31948002254,62025.29091366049,49146.17425074248
62857.31948002254,60191.772840577265,47111.34436875742
63583.07975546426,62339.846748775475,56455.920828159564
63583.07975546426,59841.12349640824,48110.290624589215
63583.07975546426,59114.483886945534,47958.6422760726
63583.07975546426,59928.57362093799,55267.4284248707
63583.07975546426,60162.357099230336,51623.74431399384
63649.96542726583,59413.786850789766,54570.0565563475
63649.96542726583,59585.22003336933,54080.70069933882
63753.08976811118,60297.705784112346,48117.443562968976
63753.08976811118,59508.17485049165,43940.14825827584
63753.08976811118,60123.254930671865,54076.71510170891
63753.08976811118,59814.235355832345,52108.74858639252
63753.08976811118,59844.89162992858,50224.44629616884
63753.08976811118,60292.06554611311,52166.44871045193
64130.43837497346,60870.7845698161,53626.679527403554
64130.43837497346,59836.355210118505,50079.80586602055
64130.43837497346,59566.33931942263,52854.86129440537
64172.82224023723,61426.860092041046,56419.05139596484
64172.82224023723,60558.412610188985,53018.31236034497
64172.82224023723,60187.664667431076,53508.420596586184
64172.82224023723,60544.67669187214,53640.523194663576
64792.35610572291,60486.503309538384,53739.721198283056
64792.35610572291,60853.17073304085,52831.60704913635
64792.35610572291,61717.773586002986,55216.814866569664
64792.35610572291,61578.27359291225,51970.951126817105
64792.35610572291,60597.05546405908,50178.95746910387
65215.873251508354,61725.509297608674,49426.66560543668
65215.873251508354,61564.226061901456,56365.05868497338
65215.873251508354,61803.3443228029,51739.45355464688
65215.873251508354,62013.793392983636,59024.58430715667
65215.873251508354,61210.21023964243,45642.86745687572
65727.96104222629,61283.97023275615,52835.20036160922
65727.96104222629,61172.0638024976,54146.862932787684
65727.96104222629,60791.229377079886,50895.912201827596
65727.96104222629,62657.54890378326,57283.942936581145
65727.96104222629,61950.11230424505,56870.47697625847
66353.84899296192,62264.16300608619,52206.76166181748
66353.84899296192,62266.52819184295,57636.33023291232
66353.84899296192,62103.30770279207,51070.79148849685
66353.84899296192,62883.4736866026,55258.77147987289
66353.84899296192,63287.019587610346,58785.61702160757
67868.92122116756,63101.98654567187,57019.5878943055
67868.92122116756,62455.99786690619,58268.933553874194
67868.92122116756,63060.95297862496,53666.70434835102
67868.92122116756,64133.39720225377,55510.05449642661
68399.6071330208,64658.05281774395,59458.12720355155
69609.22436862855,65168.587905805885,57601.26660146936
69609.22436862855,64379.782507749645,53100.84338561565
69609.22436862855,64893.874018324976,57296.99720327779
69609.22436862855,66140.12642924336,60236.082253990804
69609.22436862855,65946.93937202418,58040.246081607846
69609.22436862855,66381.44822976866,58930.36887030759
69609.22436862855,66484.18677284603,58935.528968246574
69609.22436862855,66755.08308895223,58810.832145999986
69711.38068481538,67155.1946216908,63710.65663664688
69711.38068481538,66716.71172744704,58433.136760278525
69711.38068481538,65921.28814649758,60773.41395883981
69711.38068481538,66114.48266917534,54652.70538576799
69893.30332255512,66669.12506504125,60127.46509623871
69727.72427370578,66528.64970729622,60787.08020549442
69727.72427370578,66921.12155284209,62112.129461858385
69727.72427370578,65806.19319424091,61149.07776690861
69727.72427370578,65760.3545773255,49389.42698794619
69727.72427370578,66915.45523520517,63647.2400384181
69727.72427370578,66628.04346919458,55188.04135248254
69727.72427370578,66826.5414025355,60656.260997250516
69727.72427370578,65961.4704142117,59459.00910651601
69727.72427370578,66745.2201092049,63159.902164929095
69891.2855679043,66287.84542526181,59467.815175290874
69891.2855679043,65124.73758824815,56965.39261335578
69891.2855679043,64732.850935594106,60311.020273865484
69891.2855679043,65689.72339728686,60336.802330980456
69891.2855679043,66516.61650280851,60336.802330980456
69891.2855679043,66783.22112407832,58837.64331654025
70439.9388876201,67194.38528279123,54346.22514846253
70439.9388876201,66091.48243891109,49688.5454908896
70439.9388876201,66309.7523887907,49242.454140496164
70439.9388876201,67099.60944193946,51650.52644723611
70439.9388876201,66815.87306769157,54727.27611110546
70439.9388876201,66904.7217396131,50138.36760377763
70593.3964274218,67642.94700389716,62416.583586522946
70593.3964274218,67411.425128192,59064.32951392564
70593.3964274218,67431.63654829712,63132.77416773997
70593.3964274218,67056.46877073444,58702.83844924802
70664.46492970664,68000.25733436464,63448.83381455468
70664.46492970664,67314.79375238794,62896.57540822369
70664.46492970664,67357.29888481768,48408.893369478195
71322.92351666042,67089.59699091763,60895.67331945077
71322.92351666042,67049.10443515981,58642.93577390417
71322.92351666042,67424.3778185108,60879.03224100233
71322.92351666042,67475.46571352707,60475.82840148422
71322.92351666042,67544.83270160833,54640.348975550456
71322.92351666042,68075.55966460571,52293.6745950862
71322.92351666042,68110.16626768354,59220.92439420637
71322.92351666042,68332.84975320492,60498.77090168425
71322.92351666042,68296.7430677996,62609.35424269751
71861.96730427878,68246.34127881317,51097.52373780304
71861.96730427878,67778.81919559506,63691.31539701279
71861.96730427878,68013.01804881544,63390.727216412015
71861.96730427878,67432.68823204558,56432.52619810121
71861.96730427878,68190.75261908915,48533.824721951
71861.96730427878,69239.69932472281,63548.50903091764
71861.96730427878,68157.54577576886,64461.77948216186
71861.96730427878,68319.69567354245,64361.120571455474
71861.96730427878,68001.17427728832,60434.70637016963
71861.96730427878,67757.93694262179,58617.11633791614
72075.92848709038,67076.55190301455,62137.08008521859
71861.96730427878,68304.92598406652,64931.578589652774
71861.96730427878,68347.77837955524,59297.599912210266
71953.61983692096,67985.88629454456,62760.54830953267
71861.96730427878,68405.26663917715,64132.28356670507
71861.96730427878,68511.14867303974,62646.632448611046
71861.96730427878,68394.97581371835,59571.54755506303
71861.96730427878,68431.2395652094,61773.970237991474
71861.96730427878,69033.6188116895,62427.31190019571
71861.96730427878,68191.87138532849,55292.96820793289
71861.96730427878,69030.90159305703,61982.910353697596
71861.96730427878,68879.70194470049,61992.338665613825
71861.96730427878,68902.77213920964,64608.82079738487
71861.96730427878,68776.17778982733,64776.07506074958
71861.96730427878,68795.70870760264,58253.50570971324
72007.90072530035,68268.25437027738,58370.42419677167
72007.90072530035,69137.4533318811,65438.62974837489
72007.90072530035,68448.06230715464,56357.627740396776
72007.90072530035,68961.46190120658,63671.330192733854
72007.90072530035,68585.48310404552,62440.55302050058
72007.90072530035,68773.2671952842,66064.39385348393
72007.90072530035,69358.6513197709,66134.4797236101
72007.90072530035,69219.20405098241,62583.75810426475
72007.90072530035,68663.34935008461,52416.836119279105
72007.90072530035,69164.60952650351,62413.2588642515
72007.90072530035,68768.71367295923,65611.34085230947
72007.90072530035,68559.9950556933,62889.11608864164
72007.90072530035,68306.04406885401,62309.28120458882
72007.90072530035,69211.25018172474,63389.82721741339
72007.90072530035,69283.02442007017,65811.85548432638
72007.90072530035,69119.93297995183,63064.54006267458
72007.90072530035,68980.82580749864,60749.68895449737
72007.90072530035,68708.98883951627,56019.909096002324
72007.90072530035,68178.87311795162,61913.02747889434
72007.90072530035,68731.39128933755,63700.76808830064
72007.90072530035,68938.60733984754,57825.65386503996
72007.90072530035,68181.07167018685,45382.59687610368
72109.55727145639,68661.02578320942,61895.43831962284
72109.55727145639,69270.12662385749,65874.83770655861
72109.55727145639,69551.59728254419,65971.7271883777
72109.55727145639,69493.54978469823,65542.71920363643
72109.55727145639,69313.42274005218,61963.091288996024
72109.55727145639,69323.67527253999,65517.60870225985
72439.833878736,68925.21562516398,60558.718061784435
72439.833878736,67608.35506379565,61091.63622458951
72439.833878736,66625.20788618481,57830.75156846609
72439.833878736,67601.05252805904,60007.94729017374
72588.14916884128,68735.23306893966,55370.65775603256
72588.14916884128,69094.2692886835,63433.109627191734
72588.14916884128,68451.93073256944,60624.091305492875
72588.14916884128,69987.55049252567,61818.96031489316
72588.14916884128,69678.24630033664,61708.77508576535
72588.14916884128,68592.89583482641,57100.5854017698
72588.14916884128,68725.38216613837,65235.74607774104
72588.14916884128,68948.05130903462,57032.90052917547
73126.43682956418,70271.77781531888,63382.46166719314
73435.09693880107,67739.27752809349,60401.96356584964
73435.09693880107,68193.62105672639,54870.445706237864
73435.09693880107,70488.59609574001,63832.2042173937
73465.67272236964,70982.99168625772,63837.74644281702
73747.82567910594,69724.17223821004,62361.52120213111
73747.82567910594,68033.290617831,46740.078067919276
