Najlepsze,Srednie,Najgorsze
45141.23085685778,17653.615761158067,-22059.31110189743
45985.93527303509,28529.365784382724,-5262.9533178984275
48363.184410699985,36805.32066684205,9239.053940233629
48748.744009857575,41850.31134350087,26810.721538305675
48776.72793218102,46773.50084274821,31277.152567581026
50440.59307325259,48169.02515831982,42253.70911629299
50440.59307325259,47919.08861846736,42124.56698761726
52139.111177389364,47979.541568497254,40310.6043973082
53911.89662137386,47241.23608158779,28384.56439534083
54645.011417508234,49219.187878747536,31946.706870330876
54865.38477078461,52218.51225237935,46489.194248491
54865.38477078461,53169.17155616861,32852.438826937185
55651.17091748888,53736.21069525441,44844.71934592314
56523.96579612618,53605.528559146114,43916.27460045904
56523.96579612618,53653.306114683284,45771.15261373447
56749.60191431893,53596.353809695,45380.430794885
57081.054905526464,54911.002077777935,47833.47349677865
58006.58929075498,54493.336724703804,48892.65077880895
58837.329955091554,55503.75316180925,48788.60925609536
58837.329955091554,56040.43613270937,41762.18793037389
59385.64272335803,58317.54406002397,52555.46929090016
59385.64272335803,57628.45891740852,45670.75033135988
60390.87690098319,58215.63466035628,54780.17726107002
60390.87690098319,58337.89413369735,49323.51170095654
61092.35957187931,57271.865709362755,51664.827701434784
61092.35957187931,58735.9451255872,48670.5287746676
61213.08317403144,59451.993647642725,53008.046737170655
61399.943823385474,59401.838964975315,51325.755496217316
62515.56719689396,60446.795201664485,55426.81128082095
62515.56719689396,60227.99840939803,54826.6495800118
63064.677400249966,61160.34978109468,48678.81430048241
63455.103779025325,61859.104339575366,53829.27969463039
63764.979496412634,61455.689752288934,48800.51478195215
63764.979496412634,62094.28498218344,53422.43754930243
65649.8766326827,63015.5160678101,53508.2859697948
65856.43182084401,62854.28293430662,54097.11366643993
65856.43182084401,62652.10788031362,40712.348343372185
65936.92166402531,65200.06361051114,57555.570497279165
66415.52150926372,65204.22586462034,54079.1362982422
66415.52150926372,64981.648071291114,59405.62274635542
66767.96542671131,65944.48378551217,55746.919732905175
67047.70129545995,65377.15140859288,57867.63610906107
67047.70129545995,64802.867985754565,59055.096425501535
67668.5881347786,65085.43571293424,58247.80602291024
67936.2590899822,65477.64106587634,57526.17293061415
67936.2590899822,65728.00999740484,60531.53820859637
67936.2590899822,65987.70337071575,49611.24304209995
68983.4377141002,67064.85629297319,58020.80512176123
68983.4377141002,65288.53688659327,56232.660797704186
68983.4377141002,64794.6581017235,52219.23081733591
69655.70986758842,67428.63271000305,55900.34866588531
69871.39683391896,66969.19879565625,59646.88569519971
70140.81673800817,66365.95381646937,55762.77318697598
69888.4421451693,66706.85151838776,56208.20456211783
70357.23564839215,68612.55859854812,57879.0202799329
70357.23564839215,67220.33308263005,60511.80327441156
70357.23564839215,67937.02802043353,62150.344946129524
70740.5882854672,69958.27603170862,63999.853445653316
70740.5882854672,69697.86817622762,63019.157397732335
70860.77472040434,70201.03380074917,65164.6306523193
71393.96034640497,70062.36227349406,58527.187443425835
71393.96034640497,69676.20184648904,58283.45107344305
71927.94132071754,69871.39717314948,58018.64301163716
71927.94132071754,69403.76536873128,59146.45156795242
71927.94132071754,70183.00987013071,61333.09849193471
71927.94132071754,68846.74641046768,58470.24455368117
72160.6634660083,71545.87219341361,64430.71828824833
72547.45674648076,71466.7188858863,66017.47697127674
72547.45674648076,70530.8785927277,47914.476666344075
72547.45674648076,70665.08627388506,63046.71524932793
72861.89967710865,70700.9146210581,60194.13981242846
73532.48273843854,71952.96223940965,64949.959515970964
73532.48273843854,72320.84398533791,55797.46630549933
73532.48273843854,73028.5298411113,69130.68414440792
73579.33370813064,72862.48747187741,63505.30438761019
73727.2295257135,73296.96318889278,68734.17803943442
73727.2295257135,72829.43961462998,60930.819687230425
73727.2295257135,72905.37411334533,66377.61974265159
73803.82732329918,72708.30327554226,67193.18070997123
73803.82732329918,73168.54586675372,67607.12102693955
73803.82732329918,72316.10127749461,49774.512442275874
74411.48640502672,72768.41291305571,62162.131569671496
74411.48640502672,73087.35959673754,60255.63497354016
74411.48640502672,73325.80208593186,68544.71742258756
74585.24570398273,73775.30454023425,59866.43386632171
74585.24570398273,73525.52632309767,59771.8629258235
74925.79314939765,73797.6639082151,68060.11386124714
74925.79314939765,73732.26326142105,60714.78152433007
74925.79314939765,73121.00413834854,62403.21066348859
74925.79314939765,73249.9822784096,62076.504110814865
74925.79314939765,73719.4231759818,63661.11143308418
75879.79225918249,74429.15397634683,65725.3672810939
76153.58885032781,74359.60808171709,68111.54452854898
76153.58885032781,74783.01255110215,63847.46275791511
76385.98676838179,75518.90841348997,68303.92589226949
76430.68004566894,75874.42508947282,69692.72332174562
76912.30362374925,75909.67959017078,70177.87089895218
76912.30362374925,75353.06175040815,69183.13488057282
77426.91690056316,75163.38983368386,67714.11079704805
76916.37880327506,75346.68620931727,63281.35942165046
76916.37880327506,76419.2466042671,65112.871385507584
76916.37880327506,76432.61613867072,64883.338170596486
77477.99417813175,76502.0265782732,69799.68258348029
77477.99417813175,76563.64556966933,67397.14403008996
77477.99417813175,76940.33371699008,71753.6644639436
77477.99417813175,77071.34745251635,71679.24392625393
78093.39897194342,77213.07977870369,73389.91139719855
78093.39897194342,77128.9950677354,71435.02512932332
78447.71088086456,77383.7342151969,69874.10561587036
78447.71088086456,77405.80824129866,68991.49882385125
78488.3508539793,77452.44265437697,72936.96911221015
78871.7617467171,77614.93911683727,63906.81827082851
78871.7617467171,78151.76231546269,72857.67404561181
78898.03689130073,78199.18309136963,72466.62895830146
78898.03689130073,78125.34474601113,68016.68560227475
78898.03689130073,78619.10380240182,72669.5680295621
78898.03689130073,78353.17789138667,73696.62093510745
78898.03689130073,78455.76914843642,72329.27284721402
78902.9601620368,78372.4830258965,74381.33955264943
78902.9601620368,78212.99293603591,70858.71999772848
79095.61481539767,78133.2753155697,58641.13592709752
79095.61481539767,77933.06650689247,71499.6970565932
79095.61481539767,78327.41117811867,71789.51452626046
79103.87095670169,77638.72066619415,72670.65685412123
79103.87095670169,77270.59715993611,60828.7495710397
79103.87095670169,76790.49978855328,69504.02289367605
79103.87095670169,76600.43481831143,65498.78975731742
79103.87095670169,77124.64941402823,71128.64743979857
79103.87095670169,77007.14703331042,69300.24225209391
79103.87095670169,76985.87188750108,65826.38768760026
79106.89553464839,77491.39958454757,71464.52492550357
79106.89553464839,77153.04477950525,71753.6408702761
79106.89553464839,76898.8110501265,56336.720428690314
79106.89553464839,76710.2396950531,65502.082528848485
79106.89553464839,76645.12007266757,70134.13241507673
79106.89553464839,76858.10766040842,69314.51826832877
79106.89553464839,76622.81725601989,64587.276828372924
79106.89553464839,77157.77873760069,71022.70361448308
79106.89553464839,77171.34202958265,68449.33566169228
79106.89553464839,77207.79601974468,72142.51388451752
79106.89553464839,76893.66946025852,63227.55246306321
79106.89553464839,77093.23741732113,58570.949624124936
79250.39037178116,76942.83741294165,70133.6844429239
79250.39037178116,76652.7026469845,68996.94898047391
79250.39037178116,77087.18252459049,64587.276828372924
79250.39037178116,77485.0804895982,71841.68002802222
79259.34188231727,77122.74228060796,68959.13171587518
79259.34188231727,75736.33762881816,65473.97998139891
79259.34188231727,75570.05143950047,61233.42958132303
79259.34188231727,75972.38243572525,64640.091419916345
79259.34188231727,75603.39879039863,66899.59725894427
79259.34188231727,76334.93698457729,68079.31597790615
79259.34188231727,77191.04027056943,70978.09422464883
79259.34188231727,77074.03899299382,71514.89656845253
79259.34188231727,76943.00028934857,69892.80670722092
79259.34188231727,77124.83717612625,71122.45166168593
79259.34188231727,77053.40737106616,69539.63693738448
79259.34188231727,76816.49580824985,62316.528277589714
79259.34188231727,77010.91388016741,63381.12085441246
79259.34188231727,76692.19152866016,60290.356378083525
79259.34188231727,77535.08355026724,72153.51485312439
79266.04849928487,76809.31133658056,62682.90727662445
79266.04849928487,75561.2018141787,67372.44582844948
79266.04849928487,76104.41272127481,61513.97127109652
79266.04849928487,74398.16701600015,68410.06176160983
79266.04849928487,75113.55908653887,60738.65200170027
79266.04849928487,75157.30452183814,60050.35132812001
79266.04849928487,76482.30166986295,66715.69909329558
79266.04849928487,76867.05742323014,66197.14171260974
79429.44856783612,77478.63199357832,73906.67521053174
79429.44856783612,77169.3061070202,69428.57339056996
79975.58598992415,77184.12627333464,71765.84546166958
79975.58598992415,76443.93814879927,68830.04010834331
79975.58598992415,77125.67408322722,69941.18424833055
79975.58598992415,76854.59846005753,66794.76940136467
79975.58598992415,78278.67927348621,71154.86368163001
79975.58598992415,79256.5814959854,71966.90796873606
79975.58598992415,79541.5806674053,74702.18192038959
79975.58598992415,79522.91140185336,72366.1264992214
80086.91193835824,79575.31234135081,72724.58759846125
80086.91193835824,79544.81123741405,74573.17054381529
80240.6756866426,79416.6068845718,70623.68449816393
80352.0016350767,79589.00094095888,72914.25419189903
80352.0016350767,79532.04140481299,64704.66826240764
80352.0016350767,79840.80635434156,72805.62886826834
80544.01755877276,79746.37987709623,71021.64227347216
80544.01755877276,80012.241886321,74998.38891277161
80625.12138940734,79860.14742531317,66664.12555611716
80625.12138940734,79925.83348143456,74391.74012975798
80625.12138940734,80278.13506327581,77337.11337128929
80625.12138940734,80023.82829484563,73920.33973090985
80682.93625248471,79698.91752847427,62878.65661821288
80682.93625248471,79782.96544327645,62878.65661821288
80682.93625248471,79451.11444683767,57604.32332135306
80682.93625248471,79332.66545691428,65946.54396005624
80682.93625248471,80039.5879361034,73121.2673833739
80682.93625248471,80048.53358908289,72456.4639801717
80728.49821161067,79933.89180431709,62950.22609437807
80851.07853482416,80201.9230334562,72316.70153406562
80851.07853482416,80380.64367734821,75946.5767401539
